1.81 3.86577e-45 0 0
1.81719 5.83142e-45 0 0
1.82438 7.3734e-45 0 0
1.83157 8.7219e-45 0 0
1.83876 9.95801e-45 0 0
1.84595 1.11213e-44 0 0
1.85314 1.22343e-44 0 0
1.86033 1.33113e-44 0 0
1.86752 1.43622e-44 0 0
1.87471 1.53936e-44 0 0
1.8819 1.64107e-44 0 0
1.88909 1.74173e-44 0 0
1.89628 1.84166e-44 0 0
1.90347 1.94108e-44 0 0
1.91066 2.04019e-44 0 0
1.91785 2.13915e-44 0 0
1.92504 2.23809e-44 0 0
1.93223 2.33713e-44 0 0
1.93942 2.43635e-44 0 0
1.94661 2.53584e-44 0 0
1.9538 2.63567e-44 0 0
1.96099 2.73589e-44 0 0
1.96818 2.83657e-44 0 0
1.97537 2.93774e-44 0 0
1.98256 3.03944e-44 0 0
1.98975 3.14172e-44 0 0
1.99694 3.24461e-44 0 0
2.00413 3.34812e-44 0 0
2.01132 3.4523e-44 0 0
2.01851 3.55716e-44 0 0
2.0257 3.66273e-44 0 0
2.03289 3.76901e-44 0 0
2.04008 3.87604e-44 0 0
2.04727 3.98383e-44 0 0
2.05446 4.09238e-44 0 0
2.06165 4.20172e-44 0 0
2.06884 4.31185e-44 0 0
2.07603 4.42279e-44 0 0
2.08322 4.53455e-44 0 0
2.09041 4.64713e-44 0 0
2.0976 4.76055e-44 0 0
2.10479 4.87482e-44 0 0
2.11198 4.98993e-44 0 0
2.11917 5.1059e-44 0 0
2.12636 5.22274e-44 0 0
2.13355 5.34045e-44 0 0
2.14074 5.45903e-44 0 0
2.14793 5.5785e-44 0 0
2.15512 5.69885e-44 0 0
2.16231 5.82009e-44 0 0
2.1695 5.94223e-44 0 0
2.17669 6.06527e-44 0 0
2.18388 6.18921e-44 0 0
2.19107 6.31406e-44 0 0
2.19826 6.43982e-44 0 0
2.20545 6.56649e-44 0 0
2.21264 6.69408e-44 0 0
2.21983 6.82259e-44 0 0
2.22702 6.95202e-44 0 0
2.23421 7.08237e-44 0 0
2.2414 7.21366e-44 0 0
2.24859 7.34587e-44 0 0
2.25578 7.47901e-44 0 0
2.26297 7.61309e-44 0 0
2.27016 7.7481e-44 0 0
2.27735 7.88405e-44 0 0
2.28454 8.02094e-44 0 0
2.29173 8.15877e-44 0 0
2.29892 8.29754e-44 0 0
2.30611 8.43726e-44 0 0
2.3133 8.57792e-44 0 0
2.32049 8.71953e-44 0 0
2.32768 8.86209e-44 0 0
2.33487 9.00559e-44 0 0
2.34206 9.15005e-44 0 0
2.34925 9.29546e-44 0 0
2.35644 9.44182e-44 0 0
2.36363 9.58914e-44 0 0
2.37082 9.73741e-44 0 0
2.37801 9.88663e-44 0 0
2.3852 1.00368e-43 0 0
2.39239 1.0188e-43 0 0
2.39958 1.03401e-43 0 0
2.40677 1.04931e-43 0 0
2.41396 1.06471e-43 0 0
2.42115 1.08021e-43 0 0
2.42834 1.09581e-43 0 0
2.43553 1.1115e-43 0 0
2.44272 1.12728e-43 0 0
2.44991 1.14317e-43 0 0
2.4571 1.15914e-43 0 0
2.46429 1.17522e-43 0 0
2.47148 1.19139e-43 0 0
2.47867 1.20766e-43 0 0
2.48586 1.22403e-43 0 0
2.49305 1.24049e-43 0 0
2.50024 1.25705e-43 0 0
2.50743 1.2737e-43 0 0
2.51462 1.29046e-43 0 0
2.52181 1.30731e-43 0 0
2.529 1.32425e-43 0 0
2.53619 1.3413e-43 0 0
2.54338 1.35844e-43 0 0
2.55057 1.37567e-43 0 0
2.55776 1.39301e-43 0 0
2.56495 1.41044e-43 0 0
2.57214 1.42797e-43 0 0
2.57933 1.4456e-43 0 0
2.58652 1.46332e-43 0 0
2.59371 1.48114e-43 0 0
2.6009 1.49906e-43 0 0
2.60809 1.51707e-43 0 0
2.61528 1.53518e-43 0 0
2.62247 1.55339e-43 0 0
2.62966 1.5717e-43 0 0
2.63685 1.5901e-43 0 0
2.64404 1.60861e-43 0 0
2.65123 1.62721e-43 0 0
2.65842 1.6459e-43 0 0
2.66561 1.6647e-43 0 0
2.6728 1.68359e-43 0 0
2.67999 1.70258e-43 0 0
2.68718 1.72166e-43 0 0
2.69437 1.74085e-43 0 0
2.70156 1.76013e-43 0 0
2.70875 1.77951e-43 0 0
2.71594 1.79899e-43 0 0
2.72313 1.81856e-43 0 0
2.73032 1.83824e-43 0 0
2.73751 1.85801e-43 0 0
2.7447 1.87787e-43 0 0
2.75189 1.89784e-43 0 0
2.75908 1.9179e-43 0 0
2.76627 1.93806e-43 0 0
2.77346 1.95832e-43 0 0
2.78065 1.97868e-43 0 0
2.78784 1.99914e-43 0 0
2.79503 2.01969e-43 0 0
2.80222 2.04034e-43 0 0
2.80941 2.06109e-43 0 0
2.8166 2.08193e-43 0 0
2.82379 2.10288e-43 0 0
2.83098 2.12392e-43 0 0
2.83817 2.14506e-43 0 0
2.84536 2.16629e-43 0 0
2.85255 2.18763e-43 0 0
2.85974 2.20906e-43 0 0
2.86693 2.23059e-43 0 0
2.87412 2.25222e-43 0 0
2.88131 2.27395e-43 0 0
2.8885 2.29578e-43 0 0
2.89569 2.3177e-43 0 0
2.90288 2.33972e-43 0 0
2.91007 2.36184e-43 0 0
2.91726 2.38406e-43 0 0
2.92445 2.40637e-43 0 0
2.93164 2.42878e-43 0 0
2.93883 2.45129e-43 0 0
2.94602 2.4739e-43 0 0
2.95321 2.49661e-43 0 0
2.9604 2.51941e-43 0 0
2.96759 2.54232e-43 0 0
2.97478 2.56532e-43 0 0
2.98197 2.58842e-43 0 0
2.98916 2.61162e-43 0 0
2.99635 2.63491e-43 0 0
3.00354 2.6583e-43 0 0
3.01073 2.6818e-43 0 0
3.01792 2.70539e-43 0 0
3.02511 2.72907e-43 0 0
3.0323 2.75286e-43 0 0
3.03949 2.77674e-43 0 0
3.04668 2.80072e-43 0 0
3.05387 2.82481e-43 0 0
3.06106 2.84898e-43 0 0
3.06825 2.87326e-43 0 0
3.07544 2.89763e-43 0 0
3.08263 2.92211e-43 0 0
3.08982 2.94668e-43 0 0
3.09701 2.97135e-43 0 0
3.1042 2.99611e-43 0 0
3.11139 3.02098e-43 0 0
3.11858 3.04594e-43 0 0
3.12577 3.071e-43 0 0
3.13296 3.09616e-43 0 0
3.14015 3.12142e-43 0 0
3.14734 3.14678e-43 0 0
3.15453 3.17223e-43 0 0
3.16172 3.19779e-43 0 0
3.16891 3.22344e-43 0 0
3.1761 3.24918e-43 0 0
3.18329 3.27503e-43 0 0
3.19048 3.30098e-43 0 0
3.19767 3.32702e-43 0 0
3.20486 3.35316e-43 0 0
3.21205 3.3794e-43 0 0
3.21924 3.40574e-43 0 0
3.22643 3.43218e-43 0 0
3.23362 3.45871e-43 0 0
3.24081 3.48534e-43 0 0
3.248 3.51208e-43 0 0
3.25519 3.53891e-43 0 0
3.26238 3.56583e-43 0 0
3.26957 3.59286e-43 0 0
3.27676 3.61998e-43 0 0
3.28395 3.64721e-43 0 0
3.29114 3.67453e-43 0 0
3.29833 3.70194e-43 0 0
3.30552 3.72946e-43 0 0
3.31271 3.75708e-43 0 0
3.3199 3.78479e-43 0 0
3.32709 3.8126e-43 0 0
3.33428 3.84051e-43 0 0
3.34147 3.86852e-43 0 0
3.34866 3.89663e-43 0 0
3.35585 3.92483e-43 0 0
3.36304 3.95314e-43 0 0
3.37023 3.98154e-43 0 0
3.37742 4.01004e-43 0 0
3.38461 4.03864e-43 0 0
3.3918 4.06733e-43 0 0
3.39899 4.09613e-43 0 0
3.40618 4.12502e-43 0 0
3.41337 4.15401e-43 0 0
3.42056 4.1831e-43 0 0
3.42775 4.21229e-43 0 0
3.43494 4.24157e-43 0 0
3.44213 4.27096e-43 0 0
3.44932 4.30044e-43 0 0
3.45651 4.33002e-43 0 0
3.4637 4.3597e-43 0 0
3.47089 4.38948e-43 0 0
3.47808 4.41935e-43 0 0
3.48527 4.44933e-43 0 0
3.49246 4.4794e-43 0 0
3.49965 4.50957e-43 0 0
3.50684 4.53984e-43 0 0
3.51403 4.57021e-43 0 0
3.52122 4.60067e-43 0 0
3.52841 4.63124e-43 0 0
3.5356 4.6619e-43 0 0
3.54279 4.69266e-43 0 0
3.54998 4.72352e-43 0 0
3.55717 4.75448e-43 0 0
3.56436 4.78553e-43 0 0
3.57155 4.81669e-43 0 0
3.57874 4.84794e-43 0 0
3.58593 4.87929e-43 0 0
3.59312 4.91074e-43 0 0
3.60031 4.94229e-43 0 0
3.6075 4.97393e-43 0 0
3.61469 5.00568e-43 0 0
3.62188 5.03752e-43 0 0
3.62907 5.06946e-43 0 0
3.63626 5.1015e-43 0 0
3.64345 5.13364e-43 0 0
3.65064 5.16587e-43 0 0
3.65783 5.19821e-43 0 0
3.66502 5.23064e-43 0 0
3.67221 5.26317e-43 0 0
3.6794 5.2958e-43 0 0
3.68659 5.32853e-43 0 0
3.69378 5.36135e-43 0 0
3.70097 5.39428e-43 0 0
3.70816 5.4273e-43 0 0
3.71535 5.46042e-43 0 0
3.72254 5.49364e-43 0 0
3.72973 5.52696e-43 0 0
3.73692 5.56037e-43 0 0
3.74411 5.59389e-43 0 0
3.7513 5.6275e-43 0 0
3.75849 5.66121e-43 0 0
3.76568 5.69502e-43 0 0
3.77287 5.72893e-43 0 0
3.78006 5.76293e-43 0 0
3.78725 5.79704e-43 0 0
3.79444 5.83124e-43 0 0
3.80163 5.86554e-43 0 0
3.80882 5.89994e-43 0 0
3.81601 5.93444e-43 0 0
3.8232 5.96903e-43 0 0
3.83039 6.00373e-43 0 0
3.83758 6.03852e-43 0 0
3.84477 6.07341e-43 0 0
3.85196 6.1084e-43 0 0
3.85915 6.14349e-43 0 0
3.86634 6.17868e-43 0 0
3.87353 6.21396e-43 0 0
3.88072 6.24934e-43 0 0
3.88791 6.28483e-43 0 0
3.8951 6.3204e-43 0 0
3.90229 6.35608e-43 0 0
3.90948 6.39186e-43 0 0
3.91667 6.42773e-43 0 0
3.92386 6.46371e-43 0 0
3.93105 6.49978e-43 0 0
3.93824 6.53595e-43 0 0
3.94543 6.57222e-43 0 0
3.95262 6.60858e-43 0 0
3.95981 6.64505e-43 0 0
3.967 6.68161e-43 0 0
3.97419 6.71828e-43 0 0
3.98138 6.75504e-43 0 0
3.98857 6.79189e-43 0 0
3.99576 6.82885e-43 0 0
4.00295 6.86591e-43 0 0
4.01014 6.90306e-43 0 0
4.01733 6.94031e-43 0 0
4.02452 6.97766e-43 0 0
4.03171 7.01511e-43 0 0
4.0389 7.05266e-43 0 0
4.04609 7.09031e-43 0 0
4.05328 7.12805e-43 0 0
4.06047 7.16589e-43 0 0
4.06766 7.20383e-43 0 0
4.07485 7.24187e-43 0 0
4.08204 7.28001e-43 0 0
4.08923 7.31825e-43 0 0
4.09642 7.35658e-43 0 0
4.10361 7.39501e-43 0 0
4.1108 7.43354e-43 0 0
4.11799 7.47217e-43 0 0
4.12518 7.5109e-43 0 0
4.13237 7.54973e-43 0 0
4.13956 7.58865e-43 0 0
4.14675 7.62768e-43 0 0
4.15394 7.6668e-43 0 0
4.16113 7.70602e-43 0 0
4.16832 7.74534e-43 0 0
4.17551 7.78475e-43 0 0
4.1827 7.82427e-43 0 0
4.18989 7.86388e-43 0 0
4.19708 7.90359e-43 0 0
4.20427 7.9434e-43 0 0
4.21146 7.98331e-43 0 0
4.21865 8.02332e-43 0 0
4.22584 8.06343e-43 0 0
4.23303 8.10363e-43 0 0
4.24022 8.14393e-43 0 0
4.24741 8.18433e-43 0 0
4.2546 8.22483e-43 0 0
4.26179 8.26543e-43 0 0
4.26898 8.30612e-43 0 0
4.27617 8.34692e-43 0 0
4.28336 8.38781e-43 0 0
4.29055 8.4288e-43 0 0
4.29774 8.46989e-43 0 0
4.30493 8.51108e-43 0 0
4.31212 8.55237e-43 0 0
4.31931 8.59375e-43 0 0
4.3265 8.63523e-43 0 0
4.33369 8.67681e-43 0 0
4.34088 8.71849e-43 0 0
4.34807 8.76027e-43 0 0
4.35526 8.80215e-43 0 0
4.36245 8.84412e-43 0 0
4.36964 8.8862e-43 0 0
4.37683 8.92837e-43 0 0
4.38402 8.97064e-43 0 0
4.39121 9.01301e-43 0 0
4.3984 9.05547e-43 0 0
4.40559 9.09804e-43 0 0
4.41278 9.1407e-43 0 0
4.41997 9.18347e-43 0 0
4.42716 9.22633e-43 0 0
4.43435 9.26929e-43 0 0
4.44154 9.31234e-43 0 0
4.44873 9.3555e-43 0 0
4.45592 9.39875e-43 0 0
4.46311 9.44211e-43 0 0
4.4703 9.48556e-43 0 0
4.47749 9.52911e-43 0 0
4.48468 9.57275e-43 0 0
4.49187 9.6165e-43 0 0
4.49906 9.66034e-43 0 0
4.50625 9.70429e-43 0 0
4.51344 9.74833e-43 0 0
4.52063 9.79247e-43 0 0
4.52782 9.83671e-43 0 0
4.53501 9.88104e-43 0 0
4.5422 9.92548e-43 0 0
4.54939 9.97001e-43 0 0
4.55658 1.00146e-42 0 0
4.56377 1.00594e-42 0 0
4.57096 1.01042e-42 0 0
4.57815 1.01491e-42 0 0
4.58534 1.01942e-42 0 0
4.59253 1.02393e-42 0 0
4.59972 1.02845e-42 0 0
4.60691 1.03298e-42 0 0
4.6141 1.03752e-42 0 0
4.62129 1.04208e-42 0 0
4.62848 1.04664e-42 0 0
4.63567 1.05121e-42 0 0
4.64286 1.05579e-42 0 0
4.65005 1.06038e-42 0 0
4.65724 1.06498e-42 0 0
4.66443 1.06959e-42 0 0
4.67162 1.07421e-42 0 0
4.67881 1.07884e-42 0 0
4.686 1.08348e-42 0 0
4.69319 1.08813e-42 0 0
4.70038 1.09279e-42 0 0
4.70757 1.09746e-42 0 0
4.71476 1.10214e-42 0 0
4.72195 1.10683e-42 0 0
4.72914 1.11153e-42 0 0
4.73633 1.11624e-42 0 0
4.74352 1.12096e-42 0 0
4.75071 1.12569e-42 0 0
4.7579 1.13043e-42 0 0
4.76509 1.13518e-42 0 0
4.77228 1.13994e-42 0 0
4.77947 1.1447e-42 0 0
4.78666 1.14948e-42 0 0
4.79385 1.15427e-42 0 0
4.80104 1.15907e-42 0 0
4.80823 1.16388e-42 0 0
4.81542 1.16869e-42 0 0
4.82261 1.17352e-42 0 0
4.8298 1.17836e-42 0 0
4.83699 1.1832e-42 0 0
4.84418 1.18806e-42 0 0
4.85137 1.19293e-42 0 0
4.85856 1.1978e-42 0 0
4.86575 1.20269e-42 0 0
4.87294 1.20759e-42 0 0
4.88013 1.21249e-42 0 0
4.88732 1.21741e-42 0 0
4.89451 1.22233e-42 0 0
4.9017 1.22727e-42 0 0
4.90889 1.23222e-42 0 0
4.91608 1.23717e-42 0 0
4.92327 1.24214e-42 0 0
4.93046 1.24711e-42 0 0
4.93765 1.2521e-42 0 0
4.94484 1.25709e-42 0 0
4.95203 1.26209e-42 0 0
4.95922 1.26711e-42 0 0
4.96641 1.27213e-42 0 0
4.9736 1.27717e-42 0 0
4.98079 1.28221e-42 0 0
4.98798 1.28726e-42 0 0
4.99517 1.29233e-42 0 0
5.00236 1.2974e-42 0 0
5.00955 1.30248e-42 0 0
5.01674 1.30758e-42 0 0
5.02393 1.31268e-42 0 0
5.03112 1.31779e-42 0 0
5.03831 1.32292e-42 0 0
5.0455 1.32805e-42 0 0
5.05269 1.33319e-42 0 0
5.05988 1.33834e-42 0 0
5.06707 1.3435e-42 0 0
5.07426 1.34868e-42 0 0
5.08145 1.35386e-42 0 0
5.08864 1.35905e-42 0 0
5.09583 1.36425e-42 0 0
5.10302 1.36946e-42 0 0
5.11021 1.37468e-42 0 0
5.1174 1.37991e-42 0 0
5.12459 1.38515e-42 0 0
5.13178 1.3904e-42 0 0
5.13897 1.39566e-42 0 0
5.14616 1.40093e-42 0 0
5.15335 1.40621e-42 0 0
5.16054 1.4115e-42 0 0
5.16773 1.4168e-42 0 0
5.17492 1.42211e-42 0 0
5.18211 1.42743e-42 0 0
5.1893 1.43276e-42 0 0
5.19649 1.4381e-42 0 0
5.20368 1.44345e-42 0 0
5.21087 1.44881e-42 0 0
5.21806 1.45418e-42 0 0
5.22525 1.45956e-42 0 0
5.23244 1.46494e-42 0 0
5.23963 1.47034e-42 0 0
5.24682 1.47575e-42 0 0
5.25401 1.48117e-42 0 0
5.2612 1.4866e-42 0 0
5.26839 1.49203e-42 0 0
5.27558 1.49748e-42 0 0
5.28277 1.50294e-42 0 0
5.28996 1.50841e-42 0 0
5.29715 1.51388e-42 0 0
5.30434 1.51937e-42 0 0
5.31153 1.52487e-42 0 0
5.31872 1.53037e-42 0 0
5.32591 1.53589e-42 0 0
5.3331 1.54141e-42 0 0
5.34029 1.54695e-42 0 0
5.34748 1.5525e-42 0 0
5.35467 1.55805e-42 0 0
5.36186 1.56362e-42 0 0
5.36905 1.56919e-42 0 0
5.37624 1.57478e-42 0 0
5.38343 1.58037e-42 0 0
5.39062 1.58598e-42 0 0
5.39781 1.59159e-42 0 0
5.405 1.59722e-42 0 0
5.41219 1.60285e-42 0 0
5.41938 1.60849e-42 0 0
5.42657 1.61415e-42 0 0
5.43376 1.61981e-42 0 0
5.44095 1.62549e-42 0 0
5.44814 1.63117e-42 0 0
5.45533 1.63686e-42 0 0
5.46252 1.64257e-42 0 0
5.46971 1.64828e-42 0 0
5.4769 1.654e-42 0 0
5.48409 1.65973e-42 0 0
5.49128 1.66548e-42 0 0
5.49847 1.67123e-42 0 0
5.50566 1.67699e-42 0 0
5.51285 1.68276e-42 0 0
5.52004 1.68855e-42 0 0
5.52723 1.69434e-42 0 0
5.53442 1.70014e-42 0 0
5.54161 1.70595e-42 0 0
5.5488 1.71177e-42 0 0
5.55599 1.7176e-42 0 0
5.56318 1.72344e-42 0 0
5.57037 1.7293e-42 0 0
5.57756 1.73516e-42 0 0
5.58475 1.74103e-42 0 0
5.59194 1.74691e-42 0 0
5.59913 1.7528e-42 0 0
5.60632 1.7587e-42 0 0
5.61351 1.76461e-42 0 0
5.6207 1.77053e-42 0 0
5.62789 1.77646e-42 0 0
5.63508 1.7824e-42 0 0
5.64227 1.78834e-42 0 0
5.64946 1.7943e-42 0 0
5.65665 1.80027e-42 0 0
5.66384 1.80625e-42 0 0
5.67103 1.81224e-42 0 0
5.67822 1.81824e-42 0 0
5.68541 1.82425e-42 0 0
5.6926 1.83027e-42 0 0
5.69979 1.83629e-42 0 0
5.70698 1.84233e-42 0 0
5.71417 1.84838e-42 0 0
5.72136 1.85444e-42 0 0
5.72855 1.8605e-42 0 0
5.73574 1.86658e-42 0 0
5.74293 1.87267e-42 0 0
5.75012 1.87877e-42 0 0
5.75731 1.88487e-42 0 0
5.7645 1.89099e-42 0 0
5.77169 1.89711e-42 0 0
5.77888 1.90325e-42 0 0
5.78607 1.9094e-42 0 0
5.79326 1.91555e-42 0 0
5.80045 1.92172e-42 0 0
5.80764 1.92789e-42 0 0
5.81483 1.93408e-42 0 0
5.82202 1.94028e-42 0 0
5.82921 1.94648e-42 0 0
5.8364 1.9527e-42 0 0
5.84359 1.95892e-42 0 0
5.85078 1.96516e-42 0 0
5.85797 1.9714e-42 0 0
5.86516 1.97765e-42 0 0
5.87235 1.98392e-42 0 0
5.87954 1.99019e-42 0 0
5.88673 1.99648e-42 0 0
5.89392 2.00277e-42 0 0
5.90111 2.00907e-42 0 0
5.9083 2.01539e-42 0 0
5.91549 2.02171e-42 0 0
5.92268 2.02804e-42 0 0
5.92987 2.03439e-42 0 0
5.93706 2.04074e-42 0 0
5.94425 2.0471e-42 0 0
5.95144 2.05347e-42 0 0
5.95863 2.05986e-42 0 0
5.96582 2.06625e-42 0 0
5.97301 2.07265e-42 0 0
5.9802 2.07906e-42 0 0
5.98739 2.08548e-42 0 0
5.99458 2.09192e-42 0 0
6.00177 2.09836e-42 0 0
6.00896 2.10481e-42 0 0
6.01615 2.11127e-42 0 0
6.02334 2.11774e-42 0 0
6.03053 2.12422e-42 0 0
6.03772 2.13071e-42 0 0
6.04491 2.13721e-42 0 0
6.0521 2.14372e-42 0 0
6.05929 2.15024e-42 0 0
6.06648 2.15677e-42 0 0
6.07367 2.16331e-42 0 0
6.08086 2.16986e-42 0 0
6.08805 2.17642e-42 0 0
6.09524 2.18299e-42 0 0
6.10243 2.18957e-42 0 0
6.10962 2.19616e-42 0 0
6.11681 2.20276e-42 0 0
6.124 2.20937e-42 0 0
6.13119 2.21599e-42 0 0
6.13838 2.22261e-42 0 0
6.14557 2.22925e-42 0 0
6.15276 2.2359e-42 0 0
6.15995 2.24256e-42 0 0
6.16714 2.24923e-42 0 0
6.17433 2.2559e-42 0 0
6.18152 2.26259e-42 0 0
6.18871 2.26929e-42 0 0
6.1959 2.276e-42 0 0
6.20309 2.28271e-42 0 0
6.21028 2.28944e-42 0 0
6.21747 2.29618e-42 0 0
6.22466 2.30292e-42 0 0
6.23185 2.30968e-42 0 0
6.23904 2.31644e-42 0 0
6.24623 2.32322e-42 0 0
6.25342 2.33001e-42 0 0
6.26061 2.3368e-42 0 0
6.2678 2.34361e-42 0 0
6.27499 2.35042e-42 0 0
6.28218 2.35725e-42 0 0
6.28937 2.36408e-42 0 0
6.29656 2.37093e-42 0 0
6.30375 2.37778e-42 0 0
6.31094 2.38465e-42 0 0
6.31813 2.39152e-42 0 0
6.32532 2.39841e-42 0 0
6.33251 2.4053e-42 0 0
6.3397 2.4122e-42 0 0
6.34689 2.41912e-42 0 0
6.35408 2.42604e-42 0 0
6.36127 2.43298e-42 0 0
6.36846 2.43992e-42 0 0
6.37565 2.44687e-42 0 0
6.38284 2.45384e-42 0 0
6.39003 2.46081e-42 0 0
6.39722 2.46779e-42 0 0
6.40441 2.47478e-42 0 0
6.4116 2.48179e-42 0 0
6.41879 2.4888e-42 0 0
6.42598 2.49582e-42 0 0
6.43317 2.50285e-42 0 0
6.44036 2.50989e-42 0 0
6.44755 2.51695e-42 0 0
6.45474 2.52401e-42 0 0
6.46193 2.53108e-42 0 0
6.46912 2.53816e-42 0 0
6.47631 2.54525e-42 0 0
6.4835 2.55235e-42 0 0
6.49069 2.55946e-42 0 0
6.49788 2.56658e-42 0 0
6.50507 2.57371e-42 0 0
6.51226 2.58085e-42 0 0
6.51945 2.588e-42 0 0
6.52664 2.59516e-42 0 0
6.53383 2.60233e-42 0 0
6.54102 2.60951e-42 0 0
6.54821 2.6167e-42 0 0
6.5554 2.6239e-42 0 0
6.56259 2.63111e-42 0 0
6.56978 2.63833e-42 0 0
6.57697 2.64556e-42 0 0
6.58416 2.6528e-42 0 0
6.59135 2.66004e-42 0 0
6.59854 2.6673e-42 0 0
6.60573 2.67457e-42 0 0
6.61292 2.68185e-42 0 0
6.62011 2.68914e-42 0 0
6.6273 2.69643e-42 0 0
6.63449 2.70374e-42 0 0
6.64168 2.71106e-42 0 0
6.64887 2.71839e-42 0 0
6.65606 2.72572e-42 0 0
6.66325 2.73307e-42 0 0
6.67044 2.74043e-42 0 0
6.67763 2.74779e-42 0 0
6.68482 2.75517e-42 0 0
6.69201 2.76256e-42 0 0
6.6992 2.76995e-42 0 0
6.70639 2.77736e-42 0 0
6.71358 2.78477e-42 0 0
6.72077 2.7922e-42 0 0
6.72796 2.79964e-42 0 0
6.73515 2.80708e-42 0 0
6.74234 2.81454e-42 0 0
6.74953 2.822e-42 0 0
6.75672 2.82948e-42 0 0
6.76391 2.83696e-42 0 0
6.7711 2.84446e-42 0 0
6.77829 2.85196e-42 0 0
6.78548 2.85947e-42 0 0
6.79267 2.867e-42 0 0
6.79986 2.87453e-42 0 0
6.80705 2.88208e-42 0 0
6.81424 2.88963e-42 0 0
6.82143 2.89719e-42 0 0
6.82862 2.90477e-42 0 0
6.83581 2.91235e-42 0 0
6.843 2.91994e-42 0 0
6.85019 2.92755e-42 0 0
6.85738 2.93516e-42 0 0
6.86457 2.94278e-42 0 0
6.87176 2.95041e-42 0 0
6.87895 2.95805e-42 0 0
6.88614 2.96571e-42 0 0
6.89333 2.97337e-42 0 0
6.90052 2.98104e-42 0 0
6.90771 2.98872e-42 0 0
6.9149 2.99641e-42 0 0
6.92209 3.00411e-42 0 0
6.92928 3.01183e-42 0 0
6.93647 3.01955e-42 0 0
6.94366 3.02728e-42 0 0
6.95085 3.03502e-42 0 0
6.95804 3.04277e-42 0 0
6.96523 3.05053e-42 0 0
6.97242 3.0583e-42 0 0
6.97961 3.06608e-42 0 0
6.9868 3.07387e-42 0 0
6.99399 3.08167e-42 0 0
7.00118 3.08948e-42 0 0
7.00837 3.0973e-42 0 0
7.01556 3.10513e-42 0 0
7.02275 3.11297e-42 0 0
7.02994 3.12081e-42 0 0
7.03713 3.12867e-42 0 0
7.04432 3.13654e-42 0 0
7.05151 3.14442e-42 0 0
7.0587 3.15231e-42 0 0
7.06589 3.16021e-42 0 0
7.07308 3.16811e-42 0 0
7.08027 3.17603e-42 0 0
7.08746 3.18396e-42 0 0
7.09465 3.1919e-42 0 0
7.10184 3.19984e-42 0 0
7.10903 3.2078e-42 0 0
7.11622 3.21577e-42 0 0
7.12341 3.22375e-42 0 0
7.1306 3.23173e-42 0 0
7.13779 3.23973e-42 0 0
7.14498 3.24773e-42 0 0
7.15217 3.25575e-42 0 0
7.15936 3.26378e-42 0 0
7.16655 3.27181e-42 0 0
7.17374 3.27986e-42 0 0
7.18093 3.28791e-42 0 0
7.18812 3.29598e-42 0 0
7.19531 3.30405e-42 0 0
7.2025 3.31214e-42 0 0
7.20969 3.32023e-42 0 0
7.21688 3.32834e-42 0 0
7.22407 3.33645e-42 0 0
7.23126 3.34458e-42 0 0
7.23845 3.35271e-42 0 0
7.24564 3.36086e-42 0 0
7.25283 3.36901e-42 0 0
7.26002 3.37718e-42 0 0
7.26721 3.38535e-42 0 0
7.2744 3.39353e-42 0 0
7.28159 3.40173e-42 0 0
7.28878 3.40993e-42 0 0
7.29597 3.41814e-42 0 0
7.30316 3.42636e-42 0 0
7.31035 3.4346e-42 0 0
7.31754 3.44284e-42 0 0
7.32473 3.45109e-42 0 0
7.33192 3.45935e-42 0 0
7.33911 3.46763e-42 0 0
7.3463 3.47591e-42 0 0
7.35349 3.4842e-42 0 0
7.36068 3.4925e-42 0 0
7.36787 3.50081e-42 0 0
7.37506 3.50914e-42 0 0
7.38225 3.51747e-42 0 0
7.38944 3.52581e-42 0 0
7.39663 3.53416e-42 0 0
7.40382 3.54252e-42 0 0
7.41101 3.55089e-42 0 0
7.4182 3.55927e-42 0 0
7.42539 3.56766e-42 0 0
7.43258 3.57606e-42 0 0
7.43977 3.58447e-42 0 0
7.44696 3.59289e-42 0 0
7.45415 3.60132e-42 0 0
7.46134 3.60976e-42 0 0
7.46853 3.61821e-42 0 0
7.47572 3.62667e-42 0 0
7.48291 3.63514e-42 0 0
7.4901 3.64361e-42 0 0
7.49729 3.6521e-42 0 0
7.50448 3.6606e-42 0 0
7.51167 3.66911e-42 0 0
7.51886 3.67763e-42 0 0
7.52605 3.68616e-42 0 0
7.53324 3.69469e-42 0 0
7.54043 3.70324e-42 0 0
7.54762 3.7118e-42 0 0
7.55481 3.72037e-42 0 0
7.562 3.72894e-42 0 0
7.56919 3.73753e-42 0 0
7.57638 3.74613e-42 0 0
7.58357 3.75474e-42 0 0
7.59076 3.76335e-42 0 0
7.59795 3.77198e-42 0 0
7.60514 3.78061e-42 0 0
7.61233 3.78926e-42 0 0
7.61952 3.79792e-42 0 0
7.62671 3.80658e-42 0 0
7.6339 3.81526e-42 0 0
7.64109 3.82394e-42 0 0
7.64828 3.83264e-42 0 0
7.65547 3.84134e-42 0 0
7.66266 3.85006e-42 0 0
7.66985 3.85878e-42 0 0
7.67704 3.86752e-42 0 0
7.68423 3.87626e-42 0 0
7.69142 3.88502e-42 0 0
7.69861 3.89378e-42 0 0
7.7058 3.90256e-42 0 0
7.71299 3.91134e-42 0 0
7.72018 3.92013e-42 0 0
7.72737 3.92894e-42 0 0
7.73456 3.93775e-42 0 0
7.74175 3.94657e-42 0 0
7.74894 3.95541e-42 0 0
7.75613 3.96425e-42 0 0
7.76332 3.9731e-42 0 0
7.77051 3.98197e-42 0 0
7.7777 3.99084e-42 0 0
7.78489 3.99972e-42 0 0
7.79208 4.00861e-42 0 0
7.79927 4.01751e-42 0 0
7.80646 4.02643e-42 0 0
7.81365 4.03535e-42 0 0
7.82084 4.04428e-42 0 0
7.82803 4.05322e-42 0 0
7.83522 4.06217e-42 0 0
7.84241 4.07113e-42 0 0
7.8496 4.0801e-42 0 0
7.85679 4.08909e-42 0 0
7.86398 4.09808e-42 0 0
7.87117 4.10708e-42 0 0
7.87836 4.11609e-42 0 0
7.88555 4.12511e-42 0 0
7.89274 4.13414e-42 0 0
7.89993 4.14318e-42 0 0
7.90712 4.15223e-42 0 0
7.91431 4.16129e-42 0 0
7.9215 4.17036e-42 0 0
7.92869 4.17943e-42 0 0
7.93588 4.18852e-42 0 0
7.94307 4.19762e-42 0 0
7.95026 4.20673e-42 0 0
7.95745 4.21585e-42 0 0
7.96464 4.22498e-42 0 0
7.97183 4.23412e-42 0 0
7.97902 4.24327e-42 0 0
7.98621 4.25242e-42 0 0
7.9934 4.26159e-42 0 0
8.00059 4.27077e-42 0 0
8.00778 4.27996e-42 0 0
8.01497 4.28915e-42 0 0
8.02216 4.29836e-42 0 0
8.02935 4.30758e-42 0 0
8.03654 4.3168e-42 0 0
8.04373 4.32604e-42 0 0
8.05092 4.33529e-42 0 0
8.05811 4.34454e-42 0 0
8.0653 4.35381e-42 0 0
8.07249 4.36309e-42 0 0
8.07968 4.37237e-42 0 0
8.08687 4.38167e-42 0 0
8.09406 4.39097e-42 0 0
8.10125 4.40029e-42 0 0
8.10844 4.40961e-42 0 0
8.11563 4.41895e-42 0 0
8.12282 4.42829e-42 0 0
8.13001 4.43765e-42 0 0
8.1372 4.44701e-42 0 0
8.14439 4.45639e-42 0 0
8.15158 4.46577e-42 0 0
8.15877 4.47517e-42 0 0
8.16596 4.48457e-42 0 0
8.17315 4.49398e-42 0 0
8.18034 4.50341e-42 0 0
8.18753 4.51284e-42 0 0
8.19472 4.52229e-42 0 0
8.20191 4.53174e-42 0 0
8.2091 4.5412e-42 0 0
8.21629 4.55067e-42 0 0
8.22348 4.56016e-42 0 0
8.23067 4.56965e-42 0 0
8.23786 4.57915e-42 0 0
8.24505 4.58866e-42 0 0
8.25224 4.59819e-42 0 0
8.25943 4.60772e-42 0 0
8.26662 4.61726e-42 0 0
8.27381 4.62681e-42 0 0
8.281 4.63637e-42 0 0
8.28819 4.64595e-42 0 0
8.29538 4.65553e-42 0 0
8.30257 4.66512e-42 0 0
8.30976 4.67472e-42 0 0
8.31695 4.68433e-42 0 0
8.32414 4.69395e-42 0 0
8.33133 4.70358e-42 0 0
8.33852 4.71322e-42 0 0
8.34571 4.72287e-42 0 0
8.3529 4.73253e-42 0 0
8.36009 4.7422e-42 0 0
8.36728 4.75188e-42 0 0
8.37447 4.76157e-42 0 0
8.38166 4.77127e-42 0 0
8.38885 4.78098e-42 0 0
8.39604 4.7907e-42 0 0
8.40323 4.80043e-42 0 0
8.41042 4.81016e-42 0 0
8.41761 4.81991e-42 0 0
8.4248 4.82967e-42 0 0
8.43199 4.83944e-42 0 0
8.43918 4.84922e-42 0 0
8.44637 4.85901e-42 0 0
8.45356 4.8688e-42 0 0
8.46075 4.87861e-42 0 0
8.46794 4.88843e-42 0 0
8.47513 4.89826e-42 0 0
8.48232 4.90809e-42 0 0
8.48951 4.91794e-42 0 0
8.4967 4.9278e-42 0 0
8.50389 4.93766e-42 0 0
8.51108 4.94754e-42 0 0
8.51827 4.95743e-42 0 0
8.52546 4.96732e-42 0 0
8.53265 4.97723e-42 0 0
8.53984 4.98714e-42 0 0
8.54703 4.99707e-42 0 0
8.55422 5.00701e-42 0 0
8.56141 5.01695e-42 0 0
8.5686 5.02691e-42 0 0
8.57579 5.03687e-42 0 0
8.58298 5.04685e-42 0 0
8.59017 5.05683e-42 0 0
8.59736 5.06683e-42 0 0
8.60455 5.07683e-42 0 0
8.61174 5.08684e-42 0 0
8.61893 5.09687e-42 0 0
8.62612 5.1069e-42 0 0
8.63331 5.11695e-42 0 0
8.6405 5.127e-42 0 0
8.64769 5.13706e-42 0 0
8.65488 5.14714e-42 0 0
8.66207 5.15722e-42 0 0
8.66926 5.16731e-42 0 0
8.67645 5.17742e-42 0 0
8.68364 5.18753e-42 0 0
8.69083 5.19765e-42 0 0
8.69802 5.20778e-42 0 0
8.70521 5.21793e-42 0 0
8.7124 5.22808e-42 0 0
8.71959 5.23824e-42 0 0
8.72678 5.24841e-42 0 0
8.73397 5.25859e-42 0 0
8.74116 5.26878e-42 0 0
8.74835 5.27899e-42 0 0
8.75554 5.2892e-42 0 0
8.76273 5.29942e-42 0 0
8.76992 5.30965e-42 0 0
8.77711 5.31989e-42 0 0
8.7843 5.33014e-42 0 0
8.79149 5.3404e-42 0 0
8.79868 5.35067e-42 0 0
8.80587 5.36095e-42 0 0
8.81306 5.37124e-42 0 0
8.82025 5.38154e-42 0 0
8.82744 5.39185e-42 0 0
8.83463 5.40217e-42 0 0
8.84182 5.4125e-42 0 0
8.84901 5.42284e-42 0 0
8.8562 5.43319e-42 0 0
8.86339 5.44355e-42 0 0
8.87058 5.45391e-42 0 0
8.87777 5.46429e-42 0 0
8.88496 5.47468e-42 0 0
8.89215 5.48508e-42 0 0
8.89934 5.49549e-42 0 0
8.90653 5.5059e-42 0 0
8.91372 5.51633e-42 0 0
8.92091 5.52677e-42 0 0
8.9281 5.53722e-42 0 0
8.93529 5.54767e-42 0 0
8.94248 5.55814e-42 0 0
8.94967 5.56862e-42 0 0
8.95686 5.57911e-42 0 0
8.96405 5.5896e-42 0 0
8.97124 5.60011e-42 0 0
8.97843 5.61062e-42 0 0
8.98562 5.62115e-42 0 0
8.99281 5.63169e-42 0 0
