1.81 0.458404 0 0
1.81719 0.456928 0 0
1.82438 0.455453 0 0
1.83157 0.453979 0 0
1.83876 0.452506 0 0
1.84595 0.451034 0 0
1.85314 0.449564 0 0
1.86033 0.448094 0 0
1.86752 0.446626 0 0
1.87471 0.445159 0 0
1.8819 0.443693 0 0
1.88909 0.442228 0 0
1.89628 0.440765 0 0
1.90347 0.439302 0 0
1.91066 0.437841 0 0
1.91785 0.436382 0 0
1.92504 0.434923 0 0
1.93223 0.433466 0 0
1.93942 0.43201 0 0
1.94661 0.430556 0 0
1.9538 0.429103 0 0
1.96099 0.427652 0 0
1.96818 0.426202 0 0
1.97537 0.424753 0 0
1.98256 0.423306 0 0
1.98975 0.42186 0 0
1.99694 0.420416 0 0
2.00413 0.418973 0 0
2.01132 0.417532 0 0
2.01851 0.416093 0 0
2.0257 0.414655 0 0
2.03289 0.413218 0 0
2.04008 0.411783 0 0
2.04727 0.41035 0 0
2.05446 0.408919 0 0
2.06165 0.407489 0 0
2.06884 0.406061 0 0
2.07603 0.404634 0 0
2.08322 0.403209 0 0
2.09041 0.401786 0 0
2.0976 0.400365 0 0
2.10479 0.398946 0 0
2.11198 0.397528 0 0
2.11917 0.396112 0 0
2.12636 0.394698 0 0
2.13355 0.393286 0 0
2.14074 0.391875 0 0
2.14793 0.390467 0 0
2.15512 0.38906 0 0
2.16231 0.387656 0 0
2.1695 0.386253 0 0
2.17669 0.384852 0 0
2.18388 0.383453 0 0
2.19107 0.382056 0 0
2.19826 0.380661 0 0
2.20545 0.379268 0 0
2.21264 0.377877 0 0
2.21983 0.376488 0 0
2.22702 0.375101 0 0
2.23421 0.373716 0 0
2.2414 0.372333 0 0
2.24859 0.370953 0 0
2.25578 0.369574 0 0
2.26297 0.368198 0 0
2.27016 0.366823 0 0
2.27735 0.365451 0 0
2.28454 0.364081 0 0
2.29173 0.362713 0 0
2.29892 0.361347 0 0
2.30611 0.359984 0 0
2.3133 0.358623 0 0
2.32049 0.357264 0 0
2.32768 0.355907 0 0
2.33487 0.354552 0 0
2.34206 0.3532 0 0
2.34925 0.35185 0 0
2.35644 0.350502 0 0
2.36363 0.349157 0 0
2.37082 0.347814 0 0
2.37801 0.346473 0 0
2.3852 0.345135 0 0
2.39239 0.343799 0 0
2.39958 0.342465 0 0
2.40677 0.341134 0 0
2.41396 0.339805 0 0
2.42115 0.338479 0 0
2.42834 0.337155 0 0
2.43553 0.335833 0 0
2.44272 0.334514 0 0
2.44991 0.333197 0 0
2.4571 0.331883 0 0
2.46429 0.330571 0 0
2.47148 0.329262 0 0
2.47867 0.327955 0 0
2.48586 0.326651 0 0
2.49305 0.325349 0 0
2.50024 0.32405 0 0
2.50743 0.322754 0 0
2.51462 0.32146 0 0
2.52181 0.320168 0 0
2.529 0.318879 0 0
2.53619 0.317593 0 0
2.54338 0.316309 0 0
2.55057 0.315028 0 0
2.55776 0.31375 0 0
2.56495 0.312474 0 0
2.57214 0.311201 0 0
2.57933 0.309931 0 0
2.58652 0.308663 0 0
2.59371 0.307398 0 0
2.6009 0.306135 0 0
2.60809 0.304875 0 0
2.61528 0.303618 0 0
2.62247 0.302364 0 0
2.62966 0.301112 0 0
2.63685 0.299864 0 0
2.64404 0.298617 0 0
2.65123 0.297374 0 0
2.65842 0.296133 0 0
2.66561 0.294895 0 0
2.6728 0.29366 0 0
2.67999 0.292428 0 0
2.68718 0.291199 0 0
2.69437 0.289972 0 0
2.70156 0.288748 0 0
2.70875 0.287527 0 0
2.71594 0.286309 0 0
2.72313 0.285093 0 0
2.73032 0.283881 0 0
2.73751 0.282671 0 0
2.7447 0.281464 0 0
2.75189 0.28026 0 0
2.75908 0.279059 0 0
2.76627 0.27786 0 0
2.77346 0.276665 0 0
2.78065 0.275473 0 0
2.78784 0.274283 0 0
2.79503 0.273096 0 0
2.80222 0.271912 0 0
2.80941 0.270732 0 0
2.8166 0.269554 0 0
2.82379 0.268379 0 0
2.83098 0.267207 0 0
2.83817 0.266038 0 0
2.84536 0.264871 0 0
2.85255 0.263708 0 0
2.85974 0.262548 0 0
2.86693 0.261391 0 0
2.87412 0.260236 0 0
2.88131 0.259085 0 0
2.8885 0.257937 0 0
2.89569 0.256791 0 0
2.90288 0.255649 0 0
2.91007 0.25451 0 0
2.91726 0.253373 0 0
2.92445 0.25224 0 0
2.93164 0.25111 0 0
2.93883 0.249983 0 0
2.94602 0.248858 0 0
2.95321 0.247737 0 0
2.9604 0.246619 0 0
2.96759 0.245504 0 0
2.97478 0.244392 0 0
2.98197 0.243283 0 0
2.98916 0.242177 0 0
2.99635 0.241074 0 0
3.00354 0.239974 0 0
3.01073 0.238877 0 0
3.01792 0.237783 0 0
3.02511 0.236693 0 0
3.0323 0.235605 0 0
3.03949 0.234521 0 0
3.04668 0.233439 0 0
3.05387 0.232361 0 0
3.06106 0.231286 0 0
3.06825 0.230214 0 0
3.07544 0.229145 0 0
3.08263 0.228079 0 0
3.08982 0.227016 0 0
3.09701 0.225956 0 0
3.1042 0.224899 0 0
3.11139 0.223846 0 0
3.11858 0.222796 0 0
3.12577 0.221748 0 0
3.13296 0.220704 0 0
3.14015 0.219663 0 0
3.14734 0.218625 0 0
3.15453 0.217591 0 0
3.16172 0.216559 0 0
3.16891 0.21553 0 0
3.1761 0.214505 0 0
3.18329 0.213483 0 0
3.19048 0.212464 0 0
3.19767 0.211448 0 0
3.20486 0.210435 0 0
3.21205 0.209425 0 0
3.21924 0.208419 0 0
3.22643 0.207415 0 0
3.23362 0.206415 0 0
3.24081 0.205418 0 0
3.248 0.204424 0 0
3.25519 0.203433 0 0
3.26238 0.202445 0 0
3.26957 0.201461 0 0
3.27676 0.20048 0 0
3.28395 0.199501 0 0
3.29114 0.198526 0 0
3.29833 0.197554 0 0
3.30552 0.196586 0 0
3.31271 0.19562 0 0
3.3199 0.194657 0 0
3.32709 0.193698 0 0
3.33428 0.192742 0 0
3.34147 0.191789 0 0
3.34866 0.190839 0 0
3.35585 0.189893 0 0
3.36304 0.188949 0 0
3.37023 0.188009 0 0
3.37742 0.187071 0 0
3.38461 0.186137 0 0
3.3918 0.185206 0 0
3.39899 0.184279 0 0
3.40618 0.183354 0 0
3.41337 0.182432 0 0
3.42056 0.181514 0 0
3.42775 0.180599 0 0
3.43494 0.179687 0 0
3.44213 0.178778 0 0
3.44932 0.177872 0 0
3.45651 0.17697 0 0
3.4637 0.17607 0 0
3.47089 0.175174 0 0
3.47808 0.174281 0 0
3.48527 0.173391 0 0
3.49246 0.172504 0 0
3.49965 0.17162 0 0
3.50684 0.170739 0 0
3.51403 0.169862 0 0
3.52122 0.168987 0 0
3.52841 0.168116 0 0
3.5356 0.167248 0 0
3.54279 0.166383 0 0
3.54998 0.165521 0 0
3.55717 0.164662 0 0
3.56436 0.163807 0 0
3.57155 0.162954 0 0
3.57874 0.162105 0 0
3.58593 0.161259 0 0
3.59312 0.160415 0 0
3.60031 0.159575 0 0
3.6075 0.158738 0 0
3.61469 0.157904 0 0
3.62188 0.157074 0 0
3.62907 0.156246 0 0
3.63626 0.155421 0 0
3.64345 0.1546 0 0
3.65064 0.153781 0 0
3.65783 0.152966 0 0
3.66502 0.152154 0 0
3.67221 0.151345 0 0
3.6794 0.150539 0 0
3.68659 0.149735 0 0
3.69378 0.148935 0 0
3.70097 0.148139 0 0
3.70816 0.147345 0 0
3.71535 0.146554 0 0
3.72254 0.145766 0 0
3.72973 0.144982 0 0
3.73692 0.1442 0 0
3.74411 0.143421 0 0
3.7513 0.142646 0 0
3.75849 0.141873 0 0
3.76568 0.141104 0 0
3.77287 0.140337 0 0
3.78006 0.139574 0 0
3.78725 0.138813 0 0
3.79444 0.138056 0 0
3.80163 0.137302 0 0
3.80882 0.13655 0 0
3.81601 0.135802 0 0
3.8232 0.135056 0 0
3.83039 0.134314 0 0
3.83758 0.133575 0 0
3.84477 0.132838 0 0
3.85196 0.132105 0 0
3.85915 0.131374 0 0
3.86634 0.130647 0 0
3.87353 0.129922 0 0
3.88072 0.129201 0 0
3.88791 0.128482 0 0
3.8951 0.127766 0 0
3.90229 0.127054 0 0
3.90948 0.126344 0 0
3.91667 0.125637 0 0
3.92386 0.124933 0 0
3.93105 0.124232 0 0
3.93824 0.123534 0 0
3.94543 0.122839 0 0
3.95262 0.122147 0 0
3.95981 0.121458 0 0
3.967 0.120771 0 0
3.97419 0.120088 0 0
3.98138 0.119407 0 0
3.98857 0.118729 0 0
3.99576 0.118055 0 0
4.00295 0.117383 0 0
4.01014 0.116714 0 0
4.01733 0.116047 0 0
4.02452 0.115384 0 0
4.03171 0.114724 0 0
4.0389 0.114066 0 0
4.04609 0.113411 0 0
4.05328 0.112759 0 0
4.06047 0.11211 0 0
4.06766 0.111464 0 0
4.07485 0.11082 0 0
4.08204 0.11018 0 0
4.08923 0.109542 0 0
4.09642 0.108907 0 0
4.10361 0.108274 0 0
4.1108 0.107645 0 0
4.11799 0.107018 0 0
4.12518 0.106394 0 0
4.13237 0.105773 0 0
4.13956 0.105155 0 0
4.14675 0.104539 0 0
4.15394 0.103926 0 0
4.16113 0.103316 0 0
4.16832 0.102709 0 0
4.17551 0.102104 0 0
4.1827 0.101502 0 0
4.18989 0.100903 0 0
4.19708 0.100307 0 0
4.20427 0.099713 0 0
4.21146 0.0991219 0 0
4.21865 0.0985336 0 0
4.22584 0.097948 0 0
4.23303 0.097365 0 0
4.24022 0.0967847 0 0
4.24741 0.0962071 0 0
4.2546 0.0956322 0 0
4.26179 0.0950599 0 0
4.26898 0.0944903 0 0
4.27617 0.0939233 0 0
4.28336 0.0933589 0 0
4.29055 0.0927972 0 0
4.29774 0.0922381 0 0
4.30493 0.0916817 0 0
4.31212 0.0911278 0 0
4.31931 0.0905766 0 0
4.3265 0.0900279 0 0
4.33369 0.0894819 0 0
4.34088 0.0889384 0 0
4.34807 0.0883975 0 0
4.35526 0.0878592 0 0
4.36245 0.0873234 0 0
4.36964 0.0867902 0 0
4.37683 0.0862596 0 0
4.38402 0.0857315 0 0
4.39121 0.0852059 0 0
4.3984 0.0846829 0 0
4.40559 0.0841624 0 0
4.41278 0.0836444 0 0
4.41997 0.0831289 0 0
4.42716 0.0826159 0 0
4.43435 0.0821055 0 0
4.44154 0.0815975 0 0
4.44873 0.0810919 0 0
4.45592 0.0805889 0 0
4.46311 0.0800883 0 0
4.4703 0.0795902 0 0
4.47749 0.0790945 0 0
4.48468 0.0786013 0 0
4.49187 0.0781105 0 0
4.49906 0.0776222 0 0
4.50625 0.0771362 0 0
4.51344 0.0766527 0 0
4.52063 0.0761716 0 0
4.52782 0.0756929 0 0
4.53501 0.0752166 0 0
4.5422 0.0747427 0 0
4.54939 0.0742711 0 0
4.55658 0.073802 0 0
4.56377 0.0733351 0 0
4.57096 0.0728707 0 0
4.57815 0.0724086 0 0
4.58534 0.0719488 0 0
4.59253 0.0714914 0 0
4.59972 0.0710363 0 0
4.60691 0.0705835 0 0
4.6141 0.0701331 0 0
4.62129 0.0696849 0 0
4.62848 0.0692391 0 0
4.63567 0.0687955 0 0
4.64286 0.0683542 0 0
4.65005 0.0679152 0 0
4.65724 0.0674785 0 0
4.66443 0.067044 0 0
4.67162 0.0666118 0 0
4.67881 0.0661818 0 0
4.686 0.0657541 0 0
4.69319 0.0653285 0 0
4.70038 0.0649053 0 0
4.70757 0.0644842 0 0
4.71476 0.0640653 0 0
4.72195 0.0636487 0 0
4.72914 0.0632342 0 0
4.73633 0.0628219 0 0
4.74352 0.0624118 0 0
4.75071 0.0620039 0 0
4.7579 0.0615981 0 0
4.76509 0.0611945 0 0
4.77228 0.060793 0 0
4.77947 0.0603937 0 0
4.78666 0.0599965 0 0
4.79385 0.0596015 0 0
4.80104 0.0592085 0 0
4.80823 0.0588177 0 0
4.81542 0.0584289 0 0
4.82261 0.0580423 0 0
4.8298 0.0576577 0 0
4.83699 0.0572753 0 0
4.84418 0.0568949 0 0
4.85137 0.0565165 0 0
4.85856 0.0561402 0 0
4.86575 0.055766 0 0
4.87294 0.0553938 0 0
4.88013 0.0550237 0 0
4.88732 0.0546556 0 0
4.89451 0.0542894 0 0
4.9017 0.0539254 0 0
4.90889 0.0535633 0 0
4.91608 0.0532032 0 0
4.92327 0.0528451 0 0
4.93046 0.0524889 0 0
4.93765 0.0521348 0 0
4.94484 0.0517826 0 0
4.95203 0.0514324 0 0
4.95922 0.0510841 0 0
4.96641 0.0507378 0 0
4.9736 0.0503934 0 0
4.98079 0.0500509 0 0
4.98798 0.0497104 0 0
4.99517 0.0493718 0 0
5.00236 0.049035 0 0
5.00955 0.0487002 0 0
5.01674 0.0483673 0 0
5.02393 0.0480362 0 0
5.03112 0.0477071 0 0
5.03831 0.0473798 0 0
5.0455 0.0470543 0 0
5.05269 0.0467307 0 0
5.05988 0.046409 0 0
5.06707 0.0460891 0 0
5.07426 0.045771 0 0
5.08145 0.0454548 0 0
5.08864 0.0451403 0 0
5.09583 0.0448277 0 0
5.10302 0.0445169 0 0
5.11021 0.0442079 0 0
5.1174 0.0439006 0 0
5.12459 0.0435952 0 0
5.13178 0.0432915 0 0
5.13897 0.0429896 0 0
5.14616 0.0426894 0 0
5.15335 0.042391 0 0
5.16054 0.0420943 0 0
5.16773 0.0417994 0 0
5.17492 0.0415061 0 0
5.18211 0.0412147 0 0
5.1893 0.0409249 0 0
5.19649 0.0406368 0 0
5.20368 0.0403504 0 0
5.21087 0.0400657 0 0
5.21806 0.0397827 0 0
5.22525 0.0395014 0 0
5.23244 0.0392217 0 0
5.23963 0.0389438 0 0
5.24682 0.0386674 0 0
5.25401 0.0383927 0 0
5.2612 0.0381197 0 0
5.26839 0.0378482 0 0
5.27558 0.0375784 0 0
5.28277 0.0373103 0 0
5.28996 0.0370437 0 0
5.29715 0.0367787 0 0
5.30434 0.0365154 0 0
5.31153 0.0362536 0 0
5.31872 0.0359934 0 0
5.32591 0.0357348 0 0
5.3331 0.0354778 0 0
5.34029 0.0352223 0 0
5.34748 0.0349683 0 0
5.35467 0.0347159 0 0
5.36186 0.0344651 0 0
5.36905 0.0342158 0 0
5.37624 0.033968 0 0
5.38343 0.0337217 0 0
5.39062 0.033477 0 0
5.39781 0.0332337 0 0
5.405 0.032992 0 0
5.41219 0.0327517 0 0
5.41938 0.0325129 0 0
5.42657 0.0322756 0 0
5.43376 0.0320398 0 0
5.44095 0.0318054 0 0
5.44814 0.0315725 0 0
5.45533 0.0313411 0 0
5.46252 0.0311111 0 0
5.46971 0.0308825 0 0
5.4769 0.0306553 0 0
5.48409 0.0304296 0 0
5.49128 0.0302053 0 0
5.49847 0.0299824 0 0
5.50566 0.0297609 0 0
5.51285 0.0295408 0 0
5.52004 0.029322 0 0
5.52723 0.0291047 0 0
5.53442 0.0288887 0 0
5.54161 0.0286741 0 0
5.5488 0.0284609 0 0
5.55599 0.028249 0 0
5.56318 0.0280385 0 0
5.57037 0.0278293 0 0
5.57756 0.0276215 0 0
5.58475 0.0274149 0 0
5.59194 0.0272097 0 0
5.59913 0.0270058 0 0
5.60632 0.0268033 0 0
5.61351 0.026602 0 0
5.6207 0.026402 0 0
5.62789 0.0262033 0 0
5.63508 0.0260059 0 0
5.64227 0.0258098 0 0
5.64946 0.0256149 0 0
5.65665 0.0254213 0 0
5.66384 0.025229 0 0
5.67103 0.0250379 0 0
5.67822 0.024848 0 0
5.68541 0.0246594 0 0
5.6926 0.024472 0 0
5.69979 0.0242859 0 0
5.70698 0.024101 0 0
5.71417 0.0239172 0 0
5.72136 0.0237347 0 0
5.72855 0.0235534 0 0
5.73574 0.0233733 0 0
5.74293 0.0231944 0 0
5.75012 0.0230166 0 0
5.75731 0.02284 0 0
5.7645 0.0226646 0 0
5.77169 0.0224904 0 0
5.77888 0.0223173 0 0
5.78607 0.0221454 0 0
5.79326 0.0219746 0 0
5.80045 0.021805 0 0
5.80764 0.0216364 0 0
5.81483 0.0214691 0 0
5.82202 0.0213028 0 0
5.82921 0.0211376 0 0
5.8364 0.0209736 0 0
5.84359 0.0208107 0 0
5.85078 0.0206488 0 0
5.85797 0.0204881 0 0
5.86516 0.0203284 0 0
5.87235 0.0201698 0 0
5.87954 0.0200123 0 0
5.88673 0.0198558 0 0
5.89392 0.0197005 0 0
5.90111 0.0195461 0 0
5.9083 0.0193929 0 0
5.91549 0.0192406 0 0
5.92268 0.0190894 0 0
5.92987 0.0189393 0 0
5.93706 0.0187902 0 0
5.94425 0.018642 0 0
5.95144 0.018495 0 0
5.95863 0.0183489 0 0
5.96582 0.0182038 0 0
5.97301 0.0180597 0 0
5.9802 0.0179166 0 0
5.98739 0.0177745 0 0
5.99458 0.0176334 0 0
6.00177 0.0174933 0 0
6.00896 0.0173541 0 0
6.01615 0.0172159 0 0
6.02334 0.0170787 0 0
6.03053 0.0169424 0 0
6.03772 0.0168071 0 0
6.04491 0.0166727 0 0
6.0521 0.0165393 0 0
6.05929 0.0164068 0 0
6.06648 0.0162752 0 0
6.07367 0.0161445 0 0
6.08086 0.0160148 0 0
6.08805 0.0158859 0 0
6.09524 0.015758 0 0
6.10243 0.015631 0 0
6.10962 0.0155049 0 0
6.11681 0.0153797 0 0
6.124 0.0152553 0 0
6.13119 0.0151319 0 0
6.13838 0.0150093 0 0
6.14557 0.0148876 0 0
6.15276 0.0147667 0 0
6.15995 0.0146467 0 0
6.16714 0.0145276 0 0
6.17433 0.0144093 0 0
6.18152 0.0142919 0 0
6.18871 0.0141753 0 0
6.1959 0.0140595 0 0
6.20309 0.0139446 0 0
6.21028 0.0138305 0 0
6.21747 0.0137173 0 0
6.22466 0.0136048 0 0
6.23185 0.0134932 0 0
6.23904 0.0133823 0 0
6.24623 0.0132723 0 0
6.25342 0.013163 0 0
6.26061 0.0130546 0 0
6.2678 0.0129469 0 0
6.27499 0.0128401 0 0
6.28218 0.012734 0 0
6.28937 0.0126286 0 0
6.29656 0.0125241 0 0
6.30375 0.0124203 0 0
6.31094 0.0123173 0 0
6.31813 0.012215 0 0
6.32532 0.0121135 0 0
6.33251 0.0120127 0 0
6.3397 0.0119126 0 0
6.34689 0.0118133 0 0
6.35408 0.0117148 0 0
6.36127 0.0116169 0 0
6.36846 0.0115198 0 0
6.37565 0.0114234 0 0
6.38284 0.0113277 0 0
6.39003 0.0112327 0 0
6.39722 0.0111385 0 0
6.40441 0.0110449 0 0
6.4116 0.010952 0 0
6.41879 0.0108598 0 0
6.42598 0.0107683 0 0
6.43317 0.0106775 0 0
6.44036 0.0105874 0 0
6.44755 0.0104979 0 0
6.45474 0.0104091 0 0
6.46193 0.010321 0 0
6.46912 0.0102336 0 0
6.47631 0.0101468 0 0
6.4835 0.0100606 0 0
6.49069 0.00997513 0 0
6.49788 0.00989028 0 0
6.50507 0.00980608 0 0
6.51226 0.00972251 0 0
6.51945 0.00963957 0 0
6.52664 0.00955726 0 0
6.53383 0.00947558 0 0
6.54102 0.00939452 0 0
6.54821 0.00931408 0 0
6.5554 0.00923425 0 0
6.56259 0.00915503 0 0
6.56978 0.00907642 0 0
6.57697 0.0089984 0 0
6.58416 0.00892099 0 0
6.59135 0.00884417 0 0
6.59854 0.00876793 0 0
6.60573 0.00869229 0 0
6.61292 0.00861723 0 0
6.62011 0.00854274 0 0
6.6273 0.00846883 0 0
6.63449 0.00839549 0 0
6.64168 0.00832272 0 0
6.64887 0.00825051 0 0
6.65606 0.00817886 0 0
6.66325 0.00810777 0 0
6.67044 0.00803723 0 0
6.67763 0.00796724 0 0
6.68482 0.00789779 0 0
6.69201 0.00782888 0 0
6.6992 0.00776052 0 0
6.70639 0.00769268 0 0
6.71358 0.00762538 0 0
6.72077 0.0075586 0 0
6.72796 0.00749235 0 0
6.73515 0.00742662 0 0
6.74234 0.0073614 0 0
6.74953 0.0072967 0 0
6.75672 0.00723251 0 0
6.76391 0.00716882 0 0
6.7711 0.00710564 0 0
6.77829 0.00704295 0 0
6.78548 0.00698076 0 0
6.79267 0.00691907 0 0
6.79986 0.00685786 0 0
6.80705 0.00679714 0 0
6.81424 0.0067369 0 0
6.82143 0.00667714 0 0
6.82862 0.00661786 0 0
6.83581 0.00655905 0 0
6.843 0.00650071 0 0
6.85019 0.00644283 0 0
6.85738 0.00638542 0 0
6.86457 0.00632847 0 0
6.87176 0.00627198 0 0
6.87895 0.00621594 0 0
6.88614 0.00616035 0 0
6.89333 0.0061052 0 0
6.90052 0.0060505 0 0
6.90771 0.00599624 0 0
6.9149 0.00594242 0 0
6.92209 0.00588904 0 0
6.92928 0.00583609 0 0
6.93647 0.00578356 0 0
6.94366 0.00573146 0 0
6.95085 0.00567979 0 0
6.95804 0.00562853 0 0
6.96523 0.00557769 0 0
6.97242 0.00552727 0 0
6.97961 0.00547726 0 0
6.9868 0.00542765 0 0
6.99399 0.00537845 0 0
7.00118 0.00532965 0 0
7.00837 0.00528126 0 0
7.01556 0.00523325 0 0
7.02275 0.00518565 0 0
7.02994 0.00513843 0 0
7.03713 0.0050916 0 0
7.04432 0.00504516 0 0
7.05151 0.0049991 0 0
7.0587 0.00495342 0 0
7.06589 0.00490812 0 0
7.07308 0.00486319 0 0
7.08027 0.00481864 0 0
7.08746 0.00477445 0 0
7.09465 0.00473063 0 0
7.10184 0.00468717 0 0
7.10903 0.00464408 0 0
7.11622 0.00460134 0 0
7.12341 0.00455896 0 0
7.1306 0.00451694 0 0
7.13779 0.00447526 0 0
7.14498 0.00443393 0 0
7.15217 0.00439295 0 0
7.15936 0.00435231 0 0
7.16655 0.00431202 0 0
7.17374 0.00427206 0 0
7.18093 0.00423243 0 0
7.18812 0.00419314 0 0
7.19531 0.00415418 0 0
7.2025 0.00411555 0 0
7.20969 0.00407725 0 0
7.21688 0.00403926 0 0
7.22407 0.0040016 0 0
7.23126 0.00396426 0 0
7.23845 0.00392724 0 0
7.24564 0.00389053 0 0
7.25283 0.00385413 0 0
7.26002 0.00381804 0 0
7.26721 0.00378225 0 0
7.2744 0.00374677 0 0
7.28159 0.0037116 0 0
7.28878 0.00367672 0 0
7.29597 0.00364214 0 0
7.30316 0.00360786 0 0
7.31035 0.00357387 0 0
7.31754 0.00354017 0 0
7.32473 0.00350677 0 0
7.33192 0.00347364 0 0
7.33911 0.00344081 0 0
7.3463 0.00340825 0 0
7.35349 0.00337598 0 0
7.36068 0.00334398 0 0
7.36787 0.00331227 0 0
7.37506 0.00328082 0 0
7.38225 0.00324965 0 0
7.38944 0.00321874 0 0
7.39663 0.00318811 0 0
7.40382 0.00315774 0 0
7.41101 0.00312763 0 0
7.4182 0.00309779 0 0
7.42539 0.0030682 0 0
7.43258 0.00303888 0 0
7.43977 0.00300981 0 0
7.44696 0.00298099 0 0
7.45415 0.00295242 0 0
7.46134 0.00292411 0 0
7.46853 0.00289604 0 0
7.47572 0.00286822 0 0
7.48291 0.00284064 0 0
7.4901 0.00281331 0 0
7.49729 0.00278621 0 0
7.50448 0.00275935 0 0
7.51167 0.00273273 0 0
7.51886 0.00270635 0 0
7.52605 0.00268019 0 0
7.53324 0.00265427 0 0
7.54043 0.00262858 0 0
7.54762 0.00260312 0 0
7.55481 0.00257788 0 0
7.562 0.00255286 0 0
7.56919 0.00252807 0 0
7.57638 0.00250349 0 0
7.58357 0.00247914 0 0
7.59076 0.002455 0 0
7.59795 0.00243108 0 0
7.60514 0.00240737 0 0
7.61233 0.00238387 0 0
7.61952 0.00236059 0 0
7.62671 0.00233751 0 0
7.6339 0.00231464 0 0
7.64109 0.00229197 0 0
7.64828 0.00226951 0 0
7.65547 0.00224724 0 0
7.66266 0.00222518 0 0
7.66985 0.00220332 0 0
7.67704 0.00218165 0 0
7.68423 0.00216018 0 0
7.69142 0.00213891 0 0
7.69861 0.00211782 0 0
7.7058 0.00209693 0 0
7.71299 0.00207622 0 0
7.72018 0.00205571 0 0
7.72737 0.00203538 0 0
7.73456 0.00201523 0 0
7.74175 0.00199527 0 0
7.74894 0.00197549 0 0
7.75613 0.00195588 0 0
7.76332 0.00193646 0 0
7.77051 0.00191722 0 0
7.7777 0.00189815 0 0
7.78489 0.00187925 0 0
7.79208 0.00186053 0 0
7.79927 0.00184198 0 0
7.80646 0.0018236 0 0
7.81365 0.00180539 0 0
7.82084 0.00178734 0 0
7.82803 0.00176946 0 0
7.83522 0.00175175 0 0
7.84241 0.0017342 0 0
7.8496 0.00171681 0 0
7.85679 0.00169958 0 0
7.86398 0.00168251 0 0
7.87117 0.0016656 0 0
7.87836 0.00164884 0 0
7.88555 0.00163224 0 0
7.89274 0.00161579 0 0
7.89993 0.0015995 0 0
7.90712 0.00158336 0 0
7.91431 0.00156737 0 0
7.9215 0.00155152 0 0
7.92869 0.00153583 0 0
7.93588 0.00152028 0 0
7.94307 0.00150487 0 0
7.95026 0.00148961 0 0
7.95745 0.0014745 0 0
7.96464 0.00145952 0 0
7.97183 0.00144468 0 0
7.97902 0.00142999 0 0
7.98621 0.00141543 0 0
7.9934 0.00140101 0 0
8.00059 0.00138672 0 0
8.00778 0.00137257 0 0
8.01497 0.00135855 0 0
8.02216 0.00134466 0 0
8.02935 0.00133091 0 0
8.03654 0.00131728 0 0
8.04373 0.00130379 0 0
8.05092 0.00129042 0 0
8.05811 0.00127718 0 0
8.0653 0.00126406 0 0
8.07249 0.00125107 0 0
8.07968 0.0012382 0 0
8.08687 0.00122545 0 0
8.09406 0.00121283 0 0
8.10125 0.00120032 0 0
8.10844 0.00118794 0 0
8.11563 0.00117567 0 0
8.12282 0.00116352 0 0
8.13001 0.00115149 0 0
8.1372 0.00113957 0 0
8.14439 0.00112776 0 0
8.15158 0.00111607 0 0
8.15877 0.00110449 0 0
8.16596 0.00109302 0 0
8.17315 0.00108167 0 0
8.18034 0.00107042 0 0
8.18753 0.00105928 0 0
8.19472 0.00104824 0 0
8.20191 0.00103732 0 0
8.2091 0.0010265 0 0
8.21629 0.00101578 0 0
8.22348 0.00100517 0 0
8.23067 0.000994658 0 0
8.23786 0.00098425 0 0
8.24505 0.000973943 0 0
8.25224 0.000963736 0 0
8.25943 0.000953628 0 0
8.26662 0.000943618 0 0
8.27381 0.000933706 0 0
8.281 0.000923891 0 0
8.28819 0.000914171 0 0
8.29538 0.000904546 0 0
8.30257 0.000895015 0 0
8.30976 0.000885577 0 0
8.31695 0.000876232 0 0
8.32414 0.000866978 0 0
8.33133 0.000857815 0 0
8.33852 0.000848742 0 0
8.34571 0.000839758 0 0
8.3529 0.000830862 0 0
8.36009 0.000822054 0 0
8.36728 0.000813332 0 0
8.37447 0.000804697 0 0
8.38166 0.000796146 0 0
8.38885 0.00078768 0 0
8.39604 0.000779298 0 0
8.40323 0.000770999 0 0
8.41042 0.000762782 0 0
8.41761 0.000754646 0 0
8.4248 0.000746591 0 0
8.43199 0.000738615 0 0
8.43918 0.000730719 0 0
8.44637 0.000722902 0 0
8.45356 0.000715162 0 0
8.46075 0.0007075 0 0
8.46794 0.000699914 0 0
8.47513 0.000692403 0 0
8.48232 0.000684968 0 0
8.48951 0.000677606 0 0
8.4967 0.000670319 0 0
8.50389 0.000663104 0 0
8.51108 0.000655962 0 0
8.51827 0.000648891 0 0
8.52546 0.000641891 0 0
8.53265 0.000634962 0 0
8.53984 0.000628102 0 0
8.54703 0.000621312 0 0
8.55422 0.000614589 0 0
8.56141 0.000607935 0 0
8.5686 0.000601348 0 0
8.57579 0.000594827 0 0
8.58298 0.000588372 0 0
8.59017 0.000581982 0 0
8.59736 0.000575657 0 0
8.60455 0.000569396 0 0
8.61174 0.000563199 0 0
8.61893 0.000557064 0 0
8.62612 0.000550992 0 0
8.63331 0.000544982 0 0
8.6405 0.000539032 0 0
8.64769 0.000533144 0 0
8.65488 0.000527315 0 0
8.66207 0.000521546 0 0
8.66926 0.000515836 0 0
8.67645 0.000510184 0 0
8.68364 0.00050459 0 0
8.69083 0.000499053 0 0
8.69802 0.000493573 0 0
8.70521 0.000488149 0 0
8.7124 0.00048278 0 0
8.71959 0.000477467 0 0
8.72678 0.000472209 0 0
8.73397 0.000467004 0 0
8.74116 0.000461853 0 0
8.74835 0.000456756 0 0
8.75554 0.00045171 0 0
8.76273 0.000446717 0 0
8.76992 0.000441776 0 0
8.77711 0.000436885 0 0
8.7843 0.000432046 0 0
8.79149 0.000427256 0 0
8.79868 0.000422516 0 0
8.80587 0.000417825 0 0
8.81306 0.000413183 0 0
8.82025 0.000408589 0 0
8.82744 0.000404043 0 0
8.83463 0.000399544 0 0
8.84182 0.000395092 0 0
8.84901 0.000390686 0 0
8.8562 0.000386327 0 0
8.86339 0.000382013 0 0
8.87058 0.000377744 0 0
8.87777 0.000373519 0 0
8.88496 0.000369339 0 0
8.89215 0.000365203 0 0
8.89934 0.00036111 0 0
8.90653 0.00035706 0 0
8.91372 0.000353053 0 0
8.92091 0.000349087 0 0
8.9281 0.000345164 0 0
8.93529 0.000341281 0 0
8.94248 0.00033744 0 0
8.94967 0.000333639 0 0
8.95686 0.000329879 0 0
8.96405 0.000326158 0 0
8.97124 0.000322476 0 0
8.97843 0.000318833 0 0
8.98562 0.000315229 0 0
8.99281 0.000311663 0 0
