1.81 5.31641e-44 0 0
1.81719 7.99197e-44 0 0
1.82438 1.00702e-43 0 0
1.83157 1.18705e-43 0 0
1.83876 1.35057e-43 0 0
1.84595 1.50307e-43 0 0
1.85314 1.64771e-43 0 0
1.86033 1.78647e-43 0 0
1.86752 1.92071e-43 0 0
1.87471 2.05138e-43 0 0
1.8819 2.17919e-43 0 0
1.88909 2.30466e-43 0 0
1.89628 2.42822e-43 0 0
1.90347 2.55018e-43 0 0
1.91066 2.67081e-43 0 0
1.91785 2.79033e-43 0 0
1.92504 2.9089e-43 0 0
1.93223 3.02668e-43 0 0
1.93942 3.14379e-43 0 0
1.94661 3.26033e-43 0 0
1.9538 3.37638e-43 0 0
1.96099 3.49202e-43 0 0
1.96818 3.60732e-43 0 0
1.97537 3.72232e-43 0 0
1.98256 3.83708e-43 0 0
1.98975 3.95163e-43 0 0
1.99694 4.06601e-43 0 0
2.00413 4.18025e-43 0 0
2.01132 4.29437e-43 0 0
2.01851 4.40839e-43 0 0
2.0257 4.52234e-43 0 0
2.03289 4.63623e-43 0 0
2.04008 4.75007e-43 0 0
2.04727 4.86387e-43 0 0
2.05446 4.97765e-43 0 0
2.06165 5.0914e-43 0 0
2.06884 5.20515e-43 0 0
2.07603 5.31888e-43 0 0
2.08322 5.43261e-43 0 0
2.09041 5.54634e-43 0 0
2.0976 5.66007e-43 0 0
2.10479 5.77379e-43 0 0
2.11198 5.88752e-43 0 0
2.11917 6.00125e-43 0 0
2.12636 6.11497e-43 0 0
2.13355 6.22869e-43 0 0
2.14074 6.34241e-43 0 0
2.14793 6.45611e-43 0 0
2.15512 6.5698e-43 0 0
2.16231 6.68348e-43 0 0
2.1695 6.79713e-43 0 0
2.17669 6.91076e-43 0 0
2.18388 7.02436e-43 0 0
2.19107 7.13792e-43 0 0
2.19826 7.25144e-43 0 0
2.20545 7.36492e-43 0 0
2.21264 7.47835e-43 0 0
2.21983 7.59171e-43 0 0
2.22702 7.70502e-43 0 0
2.23421 7.81826e-43 0 0
2.2414 7.93142e-43 0 0
2.24859 8.04449e-43 0 0
2.25578 8.15748e-43 0 0
2.26297 8.27038e-43 0 0
2.27016 8.38317e-43 0 0
2.27735 8.49586e-43 0 0
2.28454 8.60842e-43 0 0
2.29173 8.72087e-43 0 0
2.29892 8.83319e-43 0 0
2.30611 8.94537e-43 0 0
2.3133 9.05741e-43 0 0
2.32049 9.1693e-43 0 0
2.32768 9.28103e-43 0 0
2.33487 9.3926e-43 0 0
2.34206 9.50399e-43 0 0
2.34925 9.61521e-43 0 0
2.35644 9.72625e-43 0 0
2.36363 9.83709e-43 0 0
2.37082 9.94773e-43 0 0
2.37801 1.00582e-42 0 0
2.3852 1.01684e-42 0 0
2.39239 1.02784e-42 0 0
2.39958 1.03882e-42 0 0
2.40677 1.04977e-42 0 0
2.41396 1.0607e-42 0 0
2.42115 1.0716e-42 0 0
2.42834 1.08248e-42 0 0
2.43553 1.09334e-42 0 0
2.44272 1.10416e-42 0 0
2.44991 1.11496e-42 0 0
2.4571 1.12573e-42 0 0
2.46429 1.13647e-42 0 0
2.47148 1.14719e-42 0 0
2.47867 1.15787e-42 0 0
2.48586 1.16852e-42 0 0
2.49305 1.17914e-42 0 0
2.50024 1.18973e-42 0 0
2.50743 1.20028e-42 0 0
2.51462 1.2108e-42 0 0
2.52181 1.22129e-42 0 0
2.529 1.23174e-42 0 0
2.53619 1.24215e-42 0 0
2.54338 1.25254e-42 0 0
2.55057 1.26288e-42 0 0
2.55776 1.27319e-42 0 0
2.56495 1.28345e-42 0 0
2.57214 1.29368e-42 0 0
2.57933 1.30387e-42 0 0
2.58652 1.31403e-42 0 0
2.59371 1.32414e-42 0 0
2.6009 1.33421e-42 0 0
2.60809 1.34424e-42 0 0
2.61528 1.35422e-42 0 0
2.62247 1.36417e-42 0 0
2.62966 1.37407e-42 0 0
2.63685 1.38393e-42 0 0
2.64404 1.39374e-42 0 0
2.65123 1.40351e-42 0 0
2.65842 1.41323e-42 0 0
2.66561 1.42291e-42 0 0
2.6728 1.43254e-42 0 0
2.67999 1.44213e-42 0 0
2.68718 1.45167e-42 0 0
2.69437 1.46116e-42 0 0
2.70156 1.4706e-42 0 0
2.70875 1.47999e-42 0 0
2.71594 1.48933e-42 0 0
2.72313 1.49863e-42 0 0
2.73032 1.50787e-42 0 0
2.73751 1.51706e-42 0 0
2.7447 1.52621e-42 0 0
2.75189 1.5353e-42 0 0
2.75908 1.54434e-42 0 0
2.76627 1.55332e-42 0 0
2.77346 1.56225e-42 0 0
2.78065 1.57113e-42 0 0
2.78784 1.57996e-42 0 0
2.79503 1.58873e-42 0 0
2.80222 1.59745e-42 0 0
2.80941 1.60611e-42 0 0
2.8166 1.61472e-42 0 0
2.82379 1.62327e-42 0 0
2.83098 1.63177e-42 0 0
2.83817 1.64021e-42 0 0
2.84536 1.64859e-42 0 0
2.85255 1.65691e-42 0 0
2.85974 1.66518e-42 0 0
2.86693 1.67339e-42 0 0
2.87412 1.68154e-42 0 0
2.88131 1.68964e-42 0 0
2.8885 1.69767e-42 0 0
2.89569 1.70564e-42 0 0
2.90288 1.71356e-42 0 0
2.91007 1.72141e-42 0 0
2.91726 1.72921e-42 0 0
2.92445 1.73695e-42 0 0
2.93164 1.74462e-42 0 0
2.93883 1.75223e-42 0 0
2.94602 1.75978e-42 0 0
2.95321 1.76728e-42 0 0
2.9604 1.7747e-42 0 0
2.96759 1.78207e-42 0 0
2.97478 1.78937e-42 0 0
2.98197 1.79662e-42 0 0
2.98916 1.80379e-42 0 0
2.99635 1.81091e-42 0 0
3.00354 1.81796e-42 0 0
3.01073 1.82495e-42 0 0
3.01792 1.83188e-42 0 0
3.02511 1.83874e-42 0 0
3.0323 1.84554e-42 0 0
3.03949 1.85227e-42 0 0
3.04668 1.85894e-42 0 0
3.05387 1.86554e-42 0 0
3.06106 1.87208e-42 0 0
3.06825 1.87855e-42 0 0
3.07544 1.88496e-42 0 0
3.08263 1.8913e-42 0 0
3.08982 1.89758e-42 0 0
3.09701 1.90379e-42 0 0
3.1042 1.90994e-42 0 0
3.11139 1.91602e-42 0 0
3.11858 1.92203e-42 0 0
3.12577 1.92798e-42 0 0
3.13296 1.93386e-42 0 0
3.14015 1.93967e-42 0 0
3.14734 1.94542e-42 0 0
3.15453 1.9511e-42 0 0
3.16172 1.95671e-42 0 0
3.16891 1.96226e-42 0 0
3.1761 1.96774e-42 0 0
3.18329 1.97315e-42 0 0
3.19048 1.9785e-42 0 0
3.19767 1.98378e-42 0 0
3.20486 1.98899e-42 0 0
3.21205 1.99413e-42 0 0
3.21924 1.9992e-42 0 0
3.22643 2.00421e-42 0 0
3.23362 2.00915e-42 0 0
3.24081 2.01403e-42 0 0
3.248 2.01883e-42 0 0
3.25519 2.02357e-42 0 0
3.26238 2.02824e-42 0 0
3.26957 2.03284e-42 0 0
3.27676 2.03738e-42 0 0
3.28395 2.04184e-42 0 0
3.29114 2.04624e-42 0 0
3.29833 2.05057e-42 0 0
3.30552 2.05483e-42 0 0
3.31271 2.05903e-42 0 0
3.3199 2.06316e-42 0 0
3.32709 2.06722e-42 0 0
3.33428 2.07121e-42 0 0
3.34147 2.07513e-42 0 0
3.34866 2.07899e-42 0 0
3.35585 2.08278e-42 0 0
3.36304 2.0865e-42 0 0
3.37023 2.09015e-42 0 0
3.37742 2.09374e-42 0 0
3.38461 2.09725e-42 0 0
3.3918 2.1007e-42 0 0
3.39899 2.10409e-42 0 0
3.40618 2.1074e-42 0 0
3.41337 2.11065e-42 0 0
3.42056 2.11383e-42 0 0
3.42775 2.11695e-42 0 0
3.43494 2.12e-42 0 0
3.44213 2.12298e-42 0 0
3.44932 2.12589e-42 0 0
3.45651 2.12874e-42 0 0
3.4637 2.13152e-42 0 0
3.47089 2.13423e-42 0 0
3.47808 2.13688e-42 0 0
3.48527 2.13946e-42 0 0
3.49246 2.14197e-42 0 0
3.49965 2.14442e-42 0 0
3.50684 2.1468e-42 0 0
3.51403 2.14912e-42 0 0
3.52122 2.15137e-42 0 0
3.52841 2.15356e-42 0 0
3.5356 2.15568e-42 0 0
3.54279 2.15773e-42 0 0
3.54998 2.15972e-42 0 0
3.55717 2.16164e-42 0 0
3.56436 2.1635e-42 0 0
3.57155 2.1653e-42 0 0
3.57874 2.16703e-42 0 0
3.58593 2.16869e-42 0 0
3.59312 2.1703e-42 0 0
3.60031 2.17183e-42 0 0
3.6075 2.17331e-42 0 0
3.61469 2.17472e-42 0 0
3.62188 2.17606e-42 0 0
3.62907 2.17735e-42 0 0
3.63626 2.17857e-42 0 0
3.64345 2.17972e-42 0 0
3.65064 2.18082e-42 0 0
3.65783 2.18185e-42 0 0
3.66502 2.18282e-42 0 0
3.67221 2.18373e-42 0 0
3.6794 2.18457e-42 0 0
3.68659 2.18535e-42 0 0
3.69378 2.18607e-42 0 0
3.70097 2.18673e-42 0 0
3.70816 2.18733e-42 0 0
3.71535 2.18787e-42 0 0
3.72254 2.18835e-42 0 0
3.72973 2.18877e-42 0 0
3.73692 2.18912e-42 0 0
3.74411 2.18942e-42 0 0
3.7513 2.18966e-42 0 0
3.75849 2.18983e-42 0 0
3.76568 2.18995e-42 0 0
3.77287 2.19001e-42 0 0
3.78006 2.19001e-42 0 0
3.78725 2.18995e-42 0 0
3.79444 2.18984e-42 0 0
3.80163 2.18966e-42 0 0
3.80882 2.18943e-42 0 0
3.81601 2.18914e-42 0 0
3.8232 2.18879e-42 0 0
3.83039 2.18839e-42 0 0
3.83758 2.18792e-42 0 0
3.84477 2.18741e-42 0 0
3.85196 2.18683e-42 0 0
3.85915 2.1862e-42 0 0
3.86634 2.18551e-42 0 0
3.87353 2.18477e-42 0 0
3.88072 2.18398e-42 0 0
3.88791 2.18312e-42 0 0
3.8951 2.18222e-42 0 0
3.90229 2.18126e-42 0 0
3.90948 2.18024e-42 0 0
3.91667 2.17917e-42 0 0
3.92386 2.17805e-42 0 0
3.93105 2.17687e-42 0 0
3.93824 2.17565e-42 0 0
3.94543 2.17437e-42 0 0
3.95262 2.17303e-42 0 0
3.95981 2.17165e-42 0 0
3.967 2.17021e-42 0 0
3.97419 2.16872e-42 0 0
3.98138 2.16718e-42 0 0
3.98857 2.16559e-42 0 0
3.99576 2.16395e-42 0 0
4.00295 2.16225e-42 0 0
4.01014 2.16051e-42 0 0
4.01733 2.15872e-42 0 0
4.02452 2.15688e-42 0 0
4.03171 2.15499e-42 0 0
4.0389 2.15305e-42 0 0
4.04609 2.15106e-42 0 0
4.05328 2.14903e-42 0 0
4.06047 2.14695e-42 0 0
4.06766 2.14481e-42 0 0
4.07485 2.14264e-42 0 0
4.08204 2.14041e-42 0 0
4.08923 2.13814e-42 0 0
4.09642 2.13582e-42 0 0
4.10361 2.13346e-42 0 0
4.1108 2.13105e-42 0 0
4.11799 2.12859e-42 0 0
4.12518 2.1261e-42 0 0
4.13237 2.12355e-42 0 0
4.13956 2.12096e-42 0 0
4.14675 2.11833e-42 0 0
4.15394 2.11565e-42 0 0
4.16113 2.11293e-42 0 0
4.16832 2.11017e-42 0 0
4.17551 2.10737e-42 0 0
4.1827 2.10452e-42 0 0
4.18989 2.10163e-42 0 0
4.19708 2.0987e-42 0 0
4.20427 2.09572e-42 0 0
4.21146 2.09271e-42 0 0
4.21865 2.08965e-42 0 0
4.22584 2.08656e-42 0 0
4.23303 2.08342e-42 0 0
4.24022 2.08025e-42 0 0
4.24741 2.07703e-42 0 0
4.2546 2.07378e-42 0 0
4.26179 2.07049e-42 0 0
4.26898 2.06716e-42 0 0
4.27617 2.06379e-42 0 0
4.28336 2.06038e-42 0 0
4.29055 2.05694e-42 0 0
4.29774 2.05346e-42 0 0
4.30493 2.04994e-42 0 0
4.31212 2.04638e-42 0 0
4.31931 2.04279e-42 0 0
4.3265 2.03917e-42 0 0
4.33369 2.0355e-42 0 0
4.34088 2.03181e-42 0 0
4.34807 2.02808e-42 0 0
4.35526 2.02431e-42 0 0
4.36245 2.02051e-42 0 0
4.36964 2.01668e-42 0 0
4.37683 2.01281e-42 0 0
4.38402 2.00891e-42 0 0
4.39121 2.00497e-42 0 0
4.3984 2.00101e-42 0 0
4.40559 1.99701e-42 0 0
4.41278 1.99298e-42 0 0
4.41997 1.98892e-42 0 0
4.42716 1.98483e-42 0 0
4.43435 1.9807e-42 0 0
4.44154 1.97655e-42 0 0
4.44873 1.97237e-42 0 0
4.45592 1.96816e-42 0 0
4.46311 1.96391e-42 0 0
4.4703 1.95964e-42 0 0
4.47749 1.95534e-42 0 0
4.48468 1.95101e-42 0 0
4.49187 1.94665e-42 0 0
4.49906 1.94227e-42 0 0
4.50625 1.93786e-42 0 0
4.51344 1.93342e-42 0 0
4.52063 1.92895e-42 0 0
4.52782 1.92446e-42 0 0
4.53501 1.91994e-42 0 0
4.5422 1.9154e-42 0 0
4.54939 1.91082e-42 0 0
4.55658 1.90623e-42 0 0
4.56377 1.90161e-42 0 0
4.57096 1.89696e-42 0 0
4.57815 1.8923e-42 0 0
4.58534 1.8876e-42 0 0
4.59253 1.88289e-42 0 0
4.59972 1.87815e-42 0 0
4.60691 1.87338e-42 0 0
4.6141 1.8686e-42 0 0
4.62129 1.86379e-42 0 0
4.62848 1.85896e-42 0 0
4.63567 1.85411e-42 0 0
4.64286 1.84924e-42 0 0
4.65005 1.84434e-42 0 0
4.65724 1.83943e-42 0 0
4.66443 1.8345e-42 0 0
4.67162 1.82954e-42 0 0
4.67881 1.82457e-42 0 0
4.686 1.81957e-42 0 0
4.69319 1.81456e-42 0 0
4.70038 1.80953e-42 0 0
4.70757 1.80448e-42 0 0
4.71476 1.79941e-42 0 0
4.72195 1.79432e-42 0 0
4.72914 1.78922e-42 0 0
4.73633 1.7841e-42 0 0
4.74352 1.77896e-42 0 0
4.75071 1.7738e-42 0 0
4.7579 1.76863e-42 0 0
4.76509 1.76345e-42 0 0
4.77228 1.75824e-42 0 0
4.77947 1.75302e-42 0 0
4.78666 1.74779e-42 0 0
4.79385 1.74254e-42 0 0
4.80104 1.73728e-42 0 0
4.80823 1.732e-42 0 0
4.81542 1.72671e-42 0 0
4.82261 1.7214e-42 0 0
4.8298 1.71608e-42 0 0
4.83699 1.71075e-42 0 0
4.84418 1.70541e-42 0 0
4.85137 1.70005e-42 0 0
4.85856 1.69468e-42 0 0
4.86575 1.6893e-42 0 0
4.87294 1.6839e-42 0 0
4.88013 1.6785e-42 0 0
4.88732 1.67308e-42 0 0
4.89451 1.66765e-42 0 0
4.9017 1.66222e-42 0 0
4.90889 1.65677e-42 0 0
4.91608 1.65131e-42 0 0
4.92327 1.64584e-42 0 0
4.93046 1.64037e-42 0 0
4.93765 1.63488e-42 0 0
4.94484 1.62938e-42 0 0
4.95203 1.62388e-42 0 0
4.95922 1.61837e-42 0 0
4.96641 1.61284e-42 0 0
4.9736 1.60732e-42 0 0
4.98079 1.60178e-42 0 0
4.98798 1.59624e-42 0 0
4.99517 1.59068e-42 0 0
5.00236 1.58513e-42 0 0
5.00955 1.57956e-42 0 0
5.01674 1.57399e-42 0 0
5.02393 1.56842e-42 0 0
5.03112 1.56283e-42 0 0
5.03831 1.55724e-42 0 0
5.0455 1.55165e-42 0 0
5.05269 1.54605e-42 0 0
5.05988 1.54045e-42 0 0
5.06707 1.53484e-42 0 0
5.07426 1.52923e-42 0 0
5.08145 1.52361e-42 0 0
5.08864 1.51799e-42 0 0
5.09583 1.51237e-42 0 0
5.10302 1.50674e-42 0 0
5.11021 1.50111e-42 0 0
5.1174 1.49548e-42 0 0
5.12459 1.48984e-42 0 0
5.13178 1.4842e-42 0 0
5.13897 1.47856e-42 0 0
5.14616 1.47292e-42 0 0
5.15335 1.46727e-42 0 0
5.16054 1.46163e-42 0 0
5.16773 1.45598e-42 0 0
5.17492 1.45033e-42 0 0
5.18211 1.44468e-42 0 0
5.1893 1.43903e-42 0 0
5.19649 1.43338e-42 0 0
5.20368 1.42773e-42 0 0
5.21087 1.42208e-42 0 0
5.21806 1.41643e-42 0 0
5.22525 1.41078e-42 0 0
5.23244 1.40513e-42 0 0
5.23963 1.39949e-42 0 0
5.24682 1.39384e-42 0 0
5.25401 1.38819e-42 0 0
5.2612 1.38255e-42 0 0
5.26839 1.37691e-42 0 0
5.27558 1.37127e-42 0 0
5.28277 1.36563e-42 0 0
5.28996 1.35999e-42 0 0
5.29715 1.35436e-42 0 0
5.30434 1.34873e-42 0 0
5.31153 1.3431e-42 0 0
5.31872 1.33747e-42 0 0
5.32591 1.33185e-42 0 0
5.3331 1.32623e-42 0 0
5.34029 1.32062e-42 0 0
5.34748 1.31501e-42 0 0
5.35467 1.3094e-42 0 0
5.36186 1.3038e-42 0 0
5.36905 1.2982e-42 0 0
5.37624 1.29261e-42 0 0
5.38343 1.28702e-42 0 0
5.39062 1.28144e-42 0 0
5.39781 1.27586e-42 0 0
5.405 1.27028e-42 0 0
5.41219 1.26472e-42 0 0
5.41938 1.25915e-42 0 0
5.42657 1.2536e-42 0 0
5.43376 1.24805e-42 0 0
5.44095 1.2425e-42 0 0
5.44814 1.23697e-42 0 0
5.45533 1.23143e-42 0 0
5.46252 1.22591e-42 0 0
5.46971 1.22039e-42 0 0
5.4769 1.21488e-42 0 0
5.48409 1.20938e-42 0 0
5.49128 1.20388e-42 0 0
5.49847 1.19839e-42 0 0
5.50566 1.19291e-42 0 0
5.51285 1.18743e-42 0 0
5.52004 1.18197e-42 0 0
5.52723 1.17651e-42 0 0
5.53442 1.17106e-42 0 0
5.54161 1.16562e-42 0 0
5.5488 1.16018e-42 0 0
5.55599 1.15476e-42 0 0
5.56318 1.14934e-42 0 0
5.57037 1.14394e-42 0 0
5.57756 1.13854e-42 0 0
5.58475 1.13315e-42 0 0
5.59194 1.12777e-42 0 0
5.59913 1.1224e-42 0 0
5.60632 1.11704e-42 0 0
5.61351 1.11169e-42 0 0
5.6207 1.10635e-42 0 0
5.62789 1.10102e-42 0 0
5.63508 1.0957e-42 0 0
5.64227 1.09039e-42 0 0
5.64946 1.08508e-42 0 0
5.65665 1.07979e-42 0 0
5.66384 1.07452e-42 0 0
5.67103 1.06925e-42 0 0
5.67822 1.06399e-42 0 0
5.68541 1.05874e-42 0 0
5.6926 1.05351e-42 0 0
5.69979 1.04828e-42 0 0
5.70698 1.04307e-42 0 0
5.71417 1.03786e-42 0 0
5.72136 1.03267e-42 0 0
5.72855 1.02749e-42 0 0
5.73574 1.02233e-42 0 0
5.74293 1.01717e-42 0 0
5.75012 1.01203e-42 0 0
5.75731 1.0069e-42 0 0
5.7645 1.00178e-42 0 0
5.77169 9.96668e-43 0 0
5.77888 9.91573e-43 0 0
5.78607 9.8649e-43 0 0
5.79326 9.8142e-43 0 0
5.80045 9.76362e-43 0 0
5.80764 9.71317e-43 0 0
5.81483 9.66284e-43 0 0
5.82202 9.61265e-43 0 0
5.82921 9.56258e-43 0 0
5.8364 9.51264e-43 0 0
5.84359 9.46284e-43 0 0
5.85078 9.41317e-43 0 0
5.85797 9.36363e-43 0 0
5.86516 9.31422e-43 0 0
5.87235 9.26495e-43 0 0
5.87954 9.21581e-43 0 0
5.88673 9.16681e-43 0 0
5.89392 9.11794e-43 0 0
5.90111 9.06922e-43 0 0
5.9083 9.02063e-43 0 0
5.91549 8.97218e-43 0 0
5.92268 8.92387e-43 0 0
5.92987 8.8757e-43 0 0
5.93706 8.82767e-43 0 0
5.94425 8.77978e-43 0 0
5.95144 8.73204e-43 0 0
5.95863 8.68444e-43 0 0
5.96582 8.63698e-43 0 0
5.97301 8.58967e-43 0 0
5.9802 8.5425e-43 0 0
5.98739 8.49548e-43 0 0
5.99458 8.4486e-43 0 0
6.00177 8.40187e-43 0 0
6.00896 8.35528e-43 0 0
6.01615 8.30885e-43 0 0
6.02334 8.26256e-43 0 0
6.03053 8.21642e-43 0 0
6.03772 8.17043e-43 0 0
6.04491 8.1246e-43 0 0
6.0521 8.07891e-43 0 0
6.05929 8.03337e-43 0 0
6.06648 7.98798e-43 0 0
6.07367 7.94275e-43 0 0
6.08086 7.89767e-43 0 0
6.08805 7.85274e-43 0 0
6.09524 7.80796e-43 0 0
6.10243 7.76334e-43 0 0
6.10962 7.71887e-43 0 0
6.11681 7.67455e-43 0 0
6.124 7.63039e-43 0 0
6.13119 7.58639e-43 0 0
6.13838 7.54254e-43 0 0
6.14557 7.49884e-43 0 0
6.15276 7.45531e-43 0 0
6.15995 7.41193e-43 0 0
6.16714 7.3687e-43 0 0
6.17433 7.32563e-43 0 0
6.18152 7.28272e-43 0 0
6.18871 7.23997e-43 0 0
6.1959 7.19738e-43 0 0
6.20309 7.15494e-43 0 0
6.21028 7.11267e-43 0 0
6.21747 7.07055e-43 0 0
6.22466 7.02859e-43 0 0
6.23185 6.98679e-43 0 0
6.23904 6.94515e-43 0 0
6.24623 6.90367e-43 0 0
6.25342 6.86234e-43 0 0
6.26061 6.82118e-43 0 0
6.2678 6.78018e-43 0 0
6.27499 6.73934e-43 0 0
6.28218 6.69866e-43 0 0
6.28937 6.65814e-43 0 0
6.29656 6.61778e-43 0 0
6.30375 6.57759e-43 0 0
6.31094 6.53755e-43 0 0
6.31813 6.49768e-43 0 0
6.32532 6.45796e-43 0 0
6.33251 6.41841e-43 0 0
6.3397 6.37902e-43 0 0
6.34689 6.33979e-43 0 0
6.35408 6.30073e-43 0 0
6.36127 6.26182e-43 0 0
6.36846 6.22308e-43 0 0
6.37565 6.1845e-43 0 0
6.38284 6.14608e-43 0 0
6.39003 6.10782e-43 0 0
6.39722 6.06972e-43 0 0
6.40441 6.03179e-43 0 0
6.4116 5.99402e-43 0 0
6.41879 5.95641e-43 0 0
6.42598 5.91896e-43 0 0
6.43317 5.88168e-43 0 0
6.44036 5.84456e-43 0 0
6.44755 5.8076e-43 0 0
6.45474 5.7708e-43 0 0
6.46193 5.73416e-43 0 0
6.46912 5.69769e-43 0 0
6.47631 5.66137e-43 0 0
6.4835 5.62522e-43 0 0
6.49069 5.58923e-43 0 0
6.49788 5.5534e-43 0 0
6.50507 5.51774e-43 0 0
6.51226 5.48223e-43 0 0
6.51945 5.44689e-43 0 0
6.52664 5.41171e-43 0 0
6.53383 5.37669e-43 0 0
6.54102 5.34182e-43 0 0
6.54821 5.30713e-43 0 0
6.5554 5.27259e-43 0 0
6.56259 5.23821e-43 0 0
6.56978 5.20399e-43 0 0
6.57697 5.16993e-43 0 0
6.58416 5.13604e-43 0 0
6.59135 5.1023e-43 0 0
6.59854 5.06872e-43 0 0
6.60573 5.0353e-43 0 0
6.61292 5.00204e-43 0 0
6.62011 4.96895e-43 0 0
6.6273 4.93601e-43 0 0
6.63449 4.90322e-43 0 0
6.64168 4.8706e-43 0 0
6.64887 4.83814e-43 0 0
6.65606 4.80583e-43 0 0
6.66325 4.77368e-43 0 0
6.67044 4.74169e-43 0 0
6.67763 4.70986e-43 0 0
6.68482 4.67819e-43 0 0
6.69201 4.64667e-43 0 0
6.6992 4.61531e-43 0 0
6.70639 4.5841e-43 0 0
6.71358 4.55305e-43 0 0
6.72077 4.52216e-43 0 0
6.72796 4.49142e-43 0 0
6.73515 4.46084e-43 0 0
6.74234 4.43042e-43 0 0
6.74953 4.40014e-43 0 0
6.75672 4.37003e-43 0 0
6.76391 4.34007e-43 0 0
6.7711 4.31026e-43 0 0
6.77829 4.2806e-43 0 0
6.78548 4.2511e-43 0 0
6.79267 4.22175e-43 0 0
6.79986 4.19256e-43 0 0
6.80705 4.16352e-43 0 0
6.81424 4.13463e-43 0 0
6.82143 4.10589e-43 0 0
6.82862 4.0773e-43 0 0
6.83581 4.04886e-43 0 0
6.843 4.02058e-43 0 0
6.85019 3.99244e-43 0 0
6.85738 3.96446e-43 0 0
6.86457 3.93662e-43 0 0
6.87176 3.90894e-43 0 0
6.87895 3.8814e-43 0 0
6.88614 3.85401e-43 0 0
6.89333 3.82677e-43 0 0
6.90052 3.79968e-43 0 0
6.90771 3.77274e-43 0 0
6.9149 3.74594e-43 0 0
6.92209 3.71929e-43 0 0
6.92928 3.69279e-43 0 0
6.93647 3.66643e-43 0 0
6.94366 3.64021e-43 0 0
6.95085 3.61415e-43 0 0
6.95804 3.58823e-43 0 0
6.96523 3.56245e-43 0 0
6.97242 3.53681e-43 0 0
6.97961 3.51132e-43 0 0
6.9868 3.48598e-43 0 0
6.99399 3.46077e-43 0 0
7.00118 3.43571e-43 0 0
7.00837 3.41079e-43 0 0
7.01556 3.38601e-43 0 0
7.02275 3.36138e-43 0 0
7.02994 3.33688e-43 0 0
7.03713 3.31252e-43 0 0
7.04432 3.28831e-43 0 0
7.05151 3.26423e-43 0 0
7.0587 3.24029e-43 0 0
7.06589 3.21649e-43 0 0
7.07308 3.19283e-43 0 0
7.08027 3.16931e-43 0 0
7.08746 3.14592e-43 0 0
7.09465 3.12267e-43 0 0
7.10184 3.09956e-43 0 0
7.10903 3.07658e-43 0 0
7.11622 3.05374e-43 0 0
7.12341 3.03103e-43 0 0
7.1306 3.00845e-43 0 0
7.13779 2.98602e-43 0 0
7.14498 2.96371e-43 0 0
7.15217 2.94154e-43 0 0
7.15936 2.9195e-43 0 0
7.16655 2.89759e-43 0 0
7.17374 2.87581e-43 0 0
7.18093 2.85417e-43 0 0
7.18812 2.83265e-43 0 0
7.19531 2.81127e-43 0 0
7.2025 2.79002e-43 0 0
7.20969 2.76889e-43 0 0
7.21688 2.7479e-43 0 0
7.22407 2.72703e-43 0 0
7.23126 2.70629e-43 0 0
7.23845 2.68568e-43 0 0
7.24564 2.66519e-43 0 0
7.25283 2.64483e-43 0 0
7.26002 2.6246e-43 0 0
7.26721 2.60449e-43 0 0
7.2744 2.58451e-43 0 0
7.28159 2.56465e-43 0 0
7.28878 2.54491e-43 0 0
7.29597 2.5253e-43 0 0
7.30316 2.50582e-43 0 0
7.31035 2.48645e-43 0 0
7.31754 2.46721e-43 0 0
7.32473 2.44808e-43 0 0
7.33192 2.42908e-43 0 0
7.33911 2.4102e-43 0 0
7.3463 2.39144e-43 0 0
7.35349 2.3728e-43 0 0
7.36068 2.35428e-43 0 0
7.36787 2.33588e-43 0 0
7.37506 2.31759e-43 0 0
7.38225 2.29943e-43 0 0
7.38944 2.28137e-43 0 0
7.39663 2.26344e-43 0 0
7.40382 2.24562e-43 0 0
7.41101 2.22792e-43 0 0
7.4182 2.21033e-43 0 0
7.42539 2.19286e-43 0 0
7.43258 2.1755e-43 0 0
7.43977 2.15826e-43 0 0
7.44696 2.14112e-43 0 0
7.45415 2.1241e-43 0 0
7.46134 2.1072e-43 0 0
7.46853 2.0904e-43 0 0
7.47572 2.07371e-43 0 0
7.48291 2.05714e-43 0 0
7.4901 2.04068e-43 0 0
7.49729 2.02432e-43 0 0
7.50448 2.00807e-43 0 0
7.51167 1.99194e-43 0 0
7.51886 1.97591e-43 0 0
7.52605 1.95998e-43 0 0
7.53324 1.94417e-43 0 0
7.54043 1.92846e-43 0 0
7.54762 1.91286e-43 0 0
7.55481 1.89736e-43 0 0
7.562 1.88197e-43 0 0
7.56919 1.86668e-43 0 0
7.57638 1.8515e-43 0 0
7.58357 1.83642e-43 0 0
7.59076 1.82144e-43 0 0
7.59795 1.80656e-43 0 0
7.60514 1.79179e-43 0 0
7.61233 1.77712e-43 0 0
7.61952 1.76255e-43 0 0
7.62671 1.74808e-43 0 0
7.6339 1.73371e-43 0 0
7.64109 1.71944e-43 0 0
7.64828 1.70527e-43 0 0
7.65547 1.69119e-43 0 0
7.66266 1.67722e-43 0 0
7.66985 1.66334e-43 0 0
7.67704 1.64956e-43 0 0
7.68423 1.63587e-43 0 0
7.69142 1.62229e-43 0 0
7.69861 1.60879e-43 0 0
7.7058 1.5954e-43 0 0
7.71299 1.58209e-43 0 0
7.72018 1.56888e-43 0 0
7.72737 1.55577e-43 0 0
7.73456 1.54274e-43 0 0
7.74175 1.52981e-43 0 0
7.74894 1.51698e-43 0 0
7.75613 1.50423e-43 0 0
7.76332 1.49157e-43 0 0
7.77051 1.47901e-43 0 0
7.7777 1.46654e-43 0 0
7.78489 1.45415e-43 0 0
7.79208 1.44185e-43 0 0
7.79927 1.42965e-43 0 0
7.80646 1.41753e-43 0 0
7.81365 1.4055e-43 0 0
7.82084 1.39355e-43 0 0
7.82803 1.3817e-43 0 0
7.83522 1.36993e-43 0 0
7.84241 1.35824e-43 0 0
7.8496 1.34664e-43 0 0
7.85679 1.33513e-43 0 0
7.86398 1.32369e-43 0 0
7.87117 1.31235e-43 0 0
7.87836 1.30108e-43 0 0
7.88555 1.2899e-43 0 0
7.89274 1.27881e-43 0 0
7.89993 1.26779e-43 0 0
7.90712 1.25686e-43 0 0
7.91431 1.246e-43 0 0
7.9215 1.23523e-43 0 0
7.92869 1.22454e-43 0 0
7.93588 1.21393e-43 0 0
7.94307 1.20339e-43 0 0
7.95026 1.19294e-43 0 0
7.95745 1.18256e-43 0 0
7.96464 1.17227e-43 0 0
7.97183 1.16204e-43 0 0
7.97902 1.1519e-43 0 0
7.98621 1.14183e-43 0 0
7.9934 1.13184e-43 0 0
8.00059 1.12193e-43 0 0
8.00778 1.11209e-43 0 0
8.01497 1.10232e-43 0 0
8.02216 1.09263e-43 0 0
8.02935 1.08301e-43 0 0
8.03654 1.07347e-43 0 0
8.04373 1.064e-43 0 0
8.05092 1.0546e-43 0 0
8.05811 1.04527e-43 0 0
8.0653 1.03602e-43 0 0
8.07249 1.02683e-43 0 0
8.07968 1.01772e-43 0 0
8.08687 1.00868e-43 0 0
8.09406 9.99707e-44 0 0
8.10125 9.90804e-44 0 0
8.10844 9.8197e-44 0 0
8.11563 9.73205e-44 0 0
8.12282 9.64508e-44 0 0
8.13001 9.55878e-44 0 0
8.1372 9.47317e-44 0 0
8.14439 9.38822e-44 0 0
8.15158 9.30393e-44 0 0
8.15877 9.22031e-44 0 0
8.16596 9.13734e-44 0 0
8.17315 9.05503e-44 0 0
8.18034 8.97336e-44 0 0
8.18753 8.89234e-44 0 0
8.19472 8.81196e-44 0 0
8.20191 8.73221e-44 0 0
8.2091 8.6531e-44 0 0
8.21629 8.57462e-44 0 0
8.22348 8.49676e-44 0 0
8.23067 8.41952e-44 0 0
8.23786 8.3429e-44 0 0
8.24505 8.26688e-44 0 0
8.25224 8.19148e-44 0 0
8.25943 8.11668e-44 0 0
8.26662 8.04248e-44 0 0
8.27381 7.96888e-44 0 0
8.281 7.89587e-44 0 0
8.28819 7.82345e-44 0 0
8.29538 7.75162e-44 0 0
8.30257 7.68036e-44 0 0
8.30976 7.60968e-44 0 0
8.31695 7.53958e-44 0 0
8.32414 7.47004e-44 0 0
8.33133 7.40107e-44 0 0
8.33852 7.33266e-44 0 0
8.34571 7.26481e-44 0 0
8.3529 7.19752e-44 0 0
8.36009 7.13077e-44 0 0
8.36728 7.06457e-44 0 0
8.37447 6.99892e-44 0 0
8.38166 6.9338e-44 0 0
8.38885 6.86922e-44 0 0
8.39604 6.80518e-44 0 0
8.40323 6.74166e-44 0 0
8.41042 6.67866e-44 0 0
8.41761 6.61619e-44 0 0
8.4248 6.55423e-44 0 0
8.43199 6.49279e-44 0 0
8.43918 6.43186e-44 0 0
8.44637 6.37144e-44 0 0
8.45356 6.31152e-44 0 0
8.46075 6.2521e-44 0 0
8.46794 6.19318e-44 0 0
8.47513 6.13475e-44 0 0
8.48232 6.07681e-44 0 0
8.48951 6.01936e-44 0 0
8.4967 5.96239e-44 0 0
8.50389 5.9059e-44 0 0
8.51108 5.84989e-44 0 0
8.51827 5.79434e-44 0 0
8.52546 5.73927e-44 0 0
8.53265 5.68467e-44 0 0
8.53984 5.63052e-44 0 0
8.54703 5.57684e-44 0 0
8.55422 5.52361e-44 0 0
8.56141 5.47084e-44 0 0
8.5686 5.41852e-44 0 0
8.57579 5.36664e-44 0 0
8.58298 5.3152e-44 0 0
8.59017 5.26421e-44 0 0
8.59736 5.21365e-44 0 0
8.60455 5.16353e-44 0 0
8.61174 5.11384e-44 0 0
8.61893 5.06457e-44 0 0
8.62612 5.01573e-44 0 0
8.63331 4.96731e-44 0 0
8.6405 4.91931e-44 0 0
8.64769 4.87172e-44 0 0
8.65488 4.82455e-44 0 0
8.66207 4.77778e-44 0 0
8.66926 4.73143e-44 0 0
8.67645 4.68547e-44 0 0
8.68364 4.63991e-44 0 0
8.69083 4.59476e-44 0 0
8.69802 4.54999e-44 0 0
8.70521 4.50562e-44 0 0
8.7124 4.46164e-44 0 0
8.71959 4.41804e-44 0 0
8.72678 4.37482e-44 0 0
8.73397 4.33198e-44 0 0
8.74116 4.28952e-44 0 0
8.74835 4.24744e-44 0 0
8.75554 4.20572e-44 0 0
8.76273 4.16438e-44 0 0
8.76992 4.1234e-44 0 0
8.77711 4.08278e-44 0 0
8.7843 4.04252e-44 0 0
8.79149 4.00262e-44 0 0
8.79868 3.96308e-44 0 0
8.80587 3.92388e-44 0 0
8.81306 3.88504e-44 0 0
8.82025 3.84654e-44 0 0
8.82744 3.80839e-44 0 0
8.83463 3.77057e-44 0 0
8.84182 3.7331e-44 0 0
8.84901 3.69596e-44 0 0
8.8562 3.65916e-44 0 0
8.86339 3.62268e-44 0 0
8.87058 3.58654e-44 0 0
8.87777 3.55072e-44 0 0
8.88496 3.51522e-44 0 0
8.89215 3.48005e-44 0 0
8.89934 3.44519e-44 0 0
8.90653 3.41065e-44 0 0
8.91372 3.37642e-44 0 0
8.92091 3.3425e-44 0 0
8.9281 3.30889e-44 0 0
8.93529 3.27559e-44 0 0
8.94248 3.24259e-44 0 0
8.94967 3.20989e-44 0 0
8.95686 3.17749e-44 0 0
8.96405 3.14538e-44 0 0
8.97124 3.11357e-44 0 0
8.97843 3.08205e-44 0 0
8.98562 3.05082e-44 0 0
8.99281 3.01988e-44 0 0
