1.81 3.11899e-44 00
1.81719 4.68485e-44 00
1.82438 5.8983e-44 00
1.83157 6.94711e-44 00
1.83876 7.8976e-44 00
1.84595 8.78217e-44 00
1.85314 9.61937e-44 00
1.86033 1.04209e-43 00
1.86752 1.11948e-43 00
1.87471 1.19466e-43 00
1.8819 1.26804e-43 00
1.88909 1.33994e-43 00
1.89628 1.41061e-43 00
1.90347 1.48024e-43 00
1.91066 1.54898e-43 00
1.91785 1.61695e-43 00
1.92504 1.68426e-43 00
1.93223 1.751e-43 00
1.93942 1.81724e-43 00
1.94661 1.88303e-43 00
1.9538 1.94843e-43 00
1.96099 2.01348e-43 00
1.96818 2.07822e-43 00
1.97537 2.14268e-43 00
1.98256 2.20688e-43 00
1.98975 2.27086e-43 00
1.99694 2.33462e-43 00
2.00413 2.39819e-43 00
2.01132 2.46159e-43 00
2.01851 2.52481e-43 00
2.0257 2.58789e-43 00
2.03289 2.65081e-43 00
2.04008 2.7136e-43 00
2.04727 2.77625e-43 00
2.05446 2.83878e-43 00
2.06165 2.90119e-43 00
2.06884 2.96347e-43 00
2.07603 3.02564e-43 00
2.08322 3.0877e-43 00
2.09041 3.14964e-43 00
2.0976 3.21147e-43 00
2.10479 3.27319e-43 00
2.11198 3.3348e-43 00
2.11917 3.3963e-43 00
2.12636 3.45768e-43 00
2.13355 3.51895e-43 00
2.14074 3.5801e-43 00
2.14793 3.64113e-43 00
2.15512 3.70205e-43 00
2.16231 3.76284e-43 00
2.1695 3.82351e-43 00
2.17669 3.88405e-43 00
2.18388 3.94447e-43 00
2.19107 4.00475e-43 00
2.19826 4.06489e-43 00
2.20545 4.1249e-43 00
2.21264 4.18477e-43 00
2.21983 4.24449e-43 00
2.22702 4.30407e-43 00
2.23421 4.36349e-43 00
2.2414 4.42276e-43 00
2.24859 4.48187e-43 00
2.25578 4.54082e-43 00
2.26297 4.59961e-43 00
2.27016 4.65822e-43 00
2.27735 4.71666e-43 00
2.28454 4.77493e-43 00
2.29173 4.83302e-43 00
2.29892 4.89092e-43 00
2.30611 4.94864e-43 00
2.3133 5.00616e-43 00
2.32049 5.06349e-43 00
2.32768 5.12063e-43 00
2.33487 5.17756e-43 00
2.34206 5.23428e-43 00
2.34925 5.2908e-43 00
2.35644 5.3471e-43 00
2.36363 5.40318e-43 00
2.37082 5.45905e-43 00
2.37801 5.51469e-43 00
2.3852 5.5701e-43 00
2.39239 5.62529e-43 00
2.39958 5.68023e-43 00
2.40677 5.73494e-43 00
2.41396 5.78941e-43 00
2.42115 5.84363e-43 00
2.42834 5.89761e-43 00
2.43553 5.95133e-43 00
2.44272 6.0048e-43 00
2.44991 6.05801e-43 00
2.4571 6.11095e-43 00
2.46429 6.16363e-43 00
2.47148 6.21604e-43 00
2.47867 6.26819e-43 00
2.48586 6.32005e-43 00
2.49305 6.37164e-43 00
2.50024 6.42295e-43 00
2.50743 6.47397e-43 00
2.51462 6.5247e-43 00
2.52181 6.57515e-43 00
2.529 6.6253e-43 00
2.53619 6.67516e-43 00
2.54338 6.72472e-43 00
2.55057 6.77397e-43 00
2.55776 6.82292e-43 00
2.56495 6.87157e-43 00
2.57214 6.9199e-43 00
2.57933 6.96793e-43 00
2.58652 7.01563e-43 00
2.59371 7.06303e-43 00
2.6009 7.1101e-43 00
2.60809 7.15684e-43 00
2.61528 7.20327e-43 00
2.62247 7.24936e-43 00
2.62966 7.29513e-43 00
2.63685 7.34056e-43 00
2.64404 7.38566e-43 00
2.65123 7.43043e-43 00
2.65842 7.47485e-43 00
2.66561 7.51894e-43 00
2.6728 7.56268e-43 00
2.67999 7.60608e-43 00
2.68718 7.64913e-43 00
2.69437 7.69183e-43 00
2.70156 7.73418e-43 00
2.70875 7.77618e-43 00
2.71594 7.81783e-43 00
2.72313 7.85912e-43 00
2.73032 7.90005e-43 00
2.73751 7.94062e-43 00
2.7447 7.98083e-43 00
2.75189 8.02068e-43 00
2.75908 8.06017e-43 00
2.76627 8.09929e-43 00
2.77346 8.13804e-43 00
2.78065 8.17642e-43 00
2.78784 8.21443e-43 00
2.79503 8.25208e-43 00
2.80222 8.28934e-43 00
2.80941 8.32624e-43 00
2.8166 8.36276e-43 00
2.82379 8.3989e-43 00
2.83098 8.43467e-43 00
2.83817 8.47006e-43 00
2.84536 8.50507e-43 00
2.85255 8.5397e-43 00
2.85974 8.57394e-43 00
2.86693 8.60781e-43 00
2.87412 8.64129e-43 00
2.88131 8.67439e-43 00
2.8885 8.7071e-43 00
2.89569 8.73942e-43 00
2.90288 8.77136e-43 00
2.91007 8.80292e-43 00
2.91726 8.83408e-43 00
2.92445 8.86486e-43 00
2.93164 8.89524e-43 00
2.93883 8.92524e-43 00
2.94602 8.95485e-43 00
2.95321 8.98407e-43 00
2.9604 9.01289e-43 00
2.96759 9.04133e-43 00
2.97478 9.06937e-43 00
2.98197 9.09702e-43 00
2.98916 9.12428e-43 00
2.99635 9.15114e-43 00
3.00354 9.17762e-43 00
3.01073 9.2037e-43 00
3.01792 9.22939e-43 00
3.02511 9.25468e-43 00
3.0323 9.27958e-43 00
3.03949 9.30409e-43 00
3.04668 9.3282e-43 00
3.05387 9.35192e-43 00
3.06106 9.37525e-43 00
3.06825 9.39819e-43 00
3.07544 9.42073e-43 00
3.08263 9.44288e-43 00
3.08982 9.46463e-43 00
3.09701 9.486e-43 00
3.1042 9.50697e-43 00
3.11139 9.52755e-43 00
3.11858 9.54774e-43 00
3.12577 9.56754e-43 00
3.13296 9.58694e-43 00
3.14015 9.60596e-43 00
3.14734 9.62459e-43 00
3.15453 9.64283e-43 00
3.16172 9.66067e-43 00
3.16891 9.67814e-43 00
3.1761 9.69521e-43 00
3.18329 9.71189e-43 00
3.19048 9.72819e-43 00
3.19767 9.74411e-43 00
3.20486 9.75963e-43 00
3.21205 9.77478e-43 00
3.21924 9.78954e-43 00
3.22643 9.80392e-43 00
3.23362 9.81791e-43 00
3.24081 9.83152e-43 00
3.248 9.84476e-43 00
3.25519 9.85761e-43 00
3.26238 9.87009e-43 00
3.26957 9.88218e-43 00
3.27676 9.8939e-43 00
3.28395 9.90525e-43 00
3.29114 9.91622e-43 00
3.29833 9.92681e-43 00
3.30552 9.93704e-43 00
3.31271 9.94689e-43 00
3.3199 9.95637e-43 00
3.32709 9.96548e-43 00
3.33428 9.97422e-43 00
3.34147 9.9826e-43 00
3.34866 9.99061e-43 00
3.35585 9.99825e-43 00
3.36304 1.00055e-42 00
3.37023 1.00124e-42 00
3.37742 1.0019e-42 00
3.38461 1.00252e-42 00
3.3918 1.0031e-42 00
3.39899 1.00365e-42 00
3.40618 1.00417e-42 00
3.41337 1.00464e-42 00
3.42056 1.00508e-42 00
3.42775 1.00549e-42 00
3.43494 1.00586e-42 00
3.44213 1.0062e-42 00
3.44932 1.0065e-42 00
3.45651 1.00677e-42 00
3.4637 1.007e-42 00
3.47089 1.0072e-42 00
3.47808 1.00736e-42 00
3.48527 1.0075e-42 00
3.49246 1.00759e-42 00
3.49965 1.00766e-42 00
3.50684 1.00769e-42 00
3.51403 1.00768e-42 00
3.52122 1.00764e-42 00
3.52841 1.00757e-42 00
3.5356 1.00747e-42 00
3.54279 1.00734e-42 00
3.54998 1.00717e-42 00
3.55717 1.00697e-42 00
3.56436 1.00674e-42 00
3.57155 1.00647e-42 00
3.57874 1.00618e-42 00
3.58593 1.00585e-42 00
3.59312 1.00549e-42 00
3.60031 1.0051e-42 00
3.6075 1.00468e-42 00
3.61469 1.00422e-42 00
3.62188 1.00374e-42 00
3.62907 1.00323e-42 00
3.63626 1.00268e-42 00
3.64345 1.00211e-42 00
3.65064 1.0015e-42 00
3.65783 1.00087e-42 00
3.66502 1.0002e-42 00
3.67221 9.99509e-43 00
3.6794 9.98787e-43 00
3.68659 9.98035e-43 00
3.69378 9.97254e-43 00
3.70097 9.96445e-43 00
3.70816 9.95607e-43 00
3.71535 9.9474e-43 00
3.72254 9.93846e-43 00
3.72973 9.92924e-43 00
3.73692 9.91974e-43 00
3.74411 9.90997e-43 00
3.7513 9.89992e-43 00
3.75849 9.8896e-43 00
3.76568 9.87901e-43 00
3.77287 9.86816e-43 00
3.78006 9.85704e-43 00
3.78725 9.84565e-43 00
3.79444 9.83401e-43 00
3.80163 9.82211e-43 00
3.80882 9.80995e-43 00
3.81601 9.79753e-43 00
3.8232 9.78486e-43 00
3.83039 9.77194e-43 00
3.83758 9.75878e-43 00
3.84477 9.74536e-43 00
3.85196 9.7317e-43 00
3.85915 9.7178e-43 00
3.86634 9.70366e-43 00
3.87353 9.68927e-43 00
3.88072 9.67466e-43 00
3.88791 9.6598e-43 00
3.8951 9.64472e-43 00
3.90229 9.6294e-43 00
3.90948 9.61386e-43 00
3.91667 9.59809e-43 00
3.92386 9.5821e-43 00
3.93105 9.56588e-43 00
3.93824 9.54945e-43 00
3.94543 9.5328e-43 00
3.95262 9.51593e-43 00
3.95981 9.49885e-43 00
3.967 9.48155e-43 00
3.97419 9.46405e-43 00
3.98138 9.44634e-43 00
3.98857 9.42843e-43 00
3.99576 9.41031e-43 00
4.00295 9.39199e-43 00
4.01014 9.37347e-43 00
4.01733 9.35476e-43 00
4.02452 9.33585e-43 00
4.03171 9.31675e-43 00
4.0389 9.29746e-43 00
4.04609 9.27797e-43 00
4.05328 9.25831e-43 00
4.06047 9.23846e-43 00
4.06766 9.21842e-43 00
4.07485 9.19821e-43 00
4.08204 9.17782e-43 00
4.08923 9.15725e-43 00
4.09642 9.13651e-43 00
4.10361 9.1156e-43 00
4.1108 9.09452e-43 00
4.11799 9.07327e-43 00
4.12518 9.05185e-43 00
4.13237 9.03027e-43 00
4.13956 9.00853e-43 00
4.14675 8.98663e-43 00
4.15394 8.96458e-43 00
4.16113 8.94236e-43 00
4.16832 8.92e-43 00
4.17551 8.89748e-43 00
4.1827 8.87482e-43 00
4.18989 8.852e-43 00
4.19708 8.82905e-43 00
4.20427 8.80595e-43 00
4.21146 8.7827e-43 00
4.21865 8.75932e-43 00
4.22584 8.73581e-43 00
4.23303 8.71215e-43 00
4.24022 8.68837e-43 00
4.24741 8.66445e-43 00
4.2546 8.6404e-43 00
4.26179 8.61623e-43 00
4.26898 8.59193e-43 00
4.27617 8.56751e-43 00
4.28336 8.54297e-43 00
4.29055 8.51831e-43 00
4.29774 8.49353e-43 00
4.30493 8.46864e-43 00
4.31212 8.44363e-43 00
4.31931 8.41852e-43 00
4.3265 8.39329e-43 00
4.33369 8.36795e-43 00
4.34088 8.34251e-43 00
4.34807 8.31697e-43 00
4.35526 8.29132e-43 00
4.36245 8.26558e-43 00
4.36964 8.23973e-43 00
4.37683 8.21379e-43 00
4.38402 8.18776e-43 00
4.39121 8.16163e-43 00
4.3984 8.13542e-43 00
4.40559 8.10911e-43 00
4.41278 8.08272e-43 00
4.41997 8.05624e-43 00
4.42716 8.02968e-43 00
4.43435 8.00304e-43 00
4.44154 7.97632e-43 00
4.44873 7.94952e-43 00
4.45592 7.92264e-43 00
4.46311 7.89569e-43 00
4.4703 7.86867e-43 00
4.47749 7.84158e-43 00
4.48468 7.81442e-43 00
4.49187 7.78719e-43 00
4.49906 7.7599e-43 00
4.50625 7.73254e-43 00
4.51344 7.70512e-43 00
4.52063 7.67764e-43 00
4.52782 7.6501e-43 00
4.53501 7.62251e-43 00
4.5422 7.59486e-43 00
4.54939 7.56715e-43 00
4.55658 7.5394e-43 00
4.56377 7.51159e-43 00
4.57096 7.48374e-43 00
4.57815 7.45584e-43 00
4.58534 7.42789e-43 00
4.59253 7.3999e-43 00
4.59972 7.37187e-43 00
4.60691 7.3438e-43 00
4.6141 7.31569e-43 00
4.62129 7.28754e-43 00
4.62848 7.25936e-43 00
4.63567 7.23114e-43 00
4.64286 7.20289e-43 00
4.65005 7.17461e-43 00
4.65724 7.1463e-43 00
4.66443 7.11797e-43 00
4.67162 7.0896e-43 00
4.67881 7.06121e-43 00
4.686 7.0328e-43 00
4.69319 7.00437e-43 00
4.70038 6.97591e-43 00
4.70757 6.94744e-43 00
4.71476 6.91895e-43 00
4.72195 6.89044e-43 00
4.72914 6.86192e-43 00
4.73633 6.83339e-43 00
4.74352 6.80484e-43 00
4.75071 6.77628e-43 00
4.7579 6.74772e-43 00
4.76509 6.71915e-43 00
4.77228 6.69057e-43 00
4.77947 6.66198e-43 00
4.78666 6.6334e-43 00
4.79385 6.60481e-43 00
4.80104 6.57622e-43 00
4.80823 6.54763e-43 00
4.81542 6.51904e-43 00
4.82261 6.49045e-43 00
4.8298 6.46187e-43 00
4.83699 6.4333e-43 00
4.84418 6.40473e-43 00
4.85137 6.37617e-43 00
4.85856 6.34762e-43 00
4.86575 6.31908e-43 00
4.87294 6.29055e-43 00
4.88013 6.26204e-43 00
4.88732 6.23354e-43 00
4.89451 6.20505e-43 00
4.9017 6.17659e-43 00
4.90889 6.14814e-43 00
4.91608 6.11971e-43 00
4.92327 6.0913e-43 00
4.93046 6.06291e-43 00
4.93765 6.03454e-43 00
4.94484 6.0062e-43 00
4.95203 5.97788e-43 00
4.95922 5.94959e-43 00
4.96641 5.92132e-43 00
4.9736 5.89308e-43 00
4.98079 5.86487e-43 00
4.98798 5.8367e-43 00
4.99517 5.80855e-43 00
5.00236 5.78043e-43 00
5.00955 5.75235e-43 00
5.01674 5.72431e-43 00
5.02393 5.69629e-43 00
5.03112 5.66832e-43 00
5.03831 5.64038e-43 00
5.0455 5.61248e-43 00
5.05269 5.58462e-43 00
5.05988 5.5568e-43 00
5.06707 5.52902e-43 00
5.07426 5.50128e-43 00
5.08145 5.47358e-43 00
5.08864 5.44593e-43 00
5.09583 5.41833e-43 00
5.10302 5.39076e-43 00
5.11021 5.36325e-43 00
5.1174 5.33578e-43 00
5.12459 5.30837e-43 00
5.13178 5.281e-43 00
5.13897 5.25368e-43 00
5.14616 5.22641e-43 00
5.15335 5.19919e-43 00
5.16054 5.17203e-43 00
5.16773 5.14491e-43 00
5.17492 5.11786e-43 00
5.18211 5.09085e-43 00
5.1893 5.06391e-43 00
5.19649 5.03702e-43 00
5.20368 5.01018e-43 00
5.21087 4.98341e-43 00
5.21806 4.95669e-43 00
5.22525 4.93003e-43 00
5.23244 4.90343e-43 00
5.23963 4.8769e-43 00
5.24682 4.85042e-43 00
5.25401 4.82401e-43 00
5.2612 4.79766e-43 00
5.26839 4.77137e-43 00
5.27558 4.74514e-43 00
5.28277 4.71899e-43 00
5.28996 4.69289e-43 00
5.29715 4.66686e-43 00
5.30434 4.6409e-43 00
5.31153 4.61501e-43 00
5.31872 4.58918e-43 00
5.32591 4.56343e-43 00
5.3331 4.53774e-43 00
5.34029 4.51212e-43 00
5.34748 4.48657e-43 00
5.35467 4.46109e-43 00
5.36186 4.43568e-43 00
5.36905 4.41035e-43 00
5.37624 4.38509e-43 00
5.38343 4.3599e-43 00
5.39062 4.33478e-43 00
5.39781 4.30974e-43 00
5.405 4.28477e-43 00
5.41219 4.25987e-43 00
5.41938 4.23506e-43 00
5.42657 4.21031e-43 00
5.43376 4.18565e-43 00
5.44095 4.16106e-43 00
5.44814 4.13654e-43 00
5.45533 4.11211e-43 00
5.46252 4.08775e-43 00
5.46971 4.06347e-43 00
5.4769 4.03927e-43 00
5.48409 4.01515e-43 00
5.49128 3.99111e-43 00
5.49847 3.96714e-43 00
5.50566 3.94326e-43 00
5.51285 3.91946e-43 00
5.52004 3.89574e-43 00
5.52723 3.8721e-43 00
5.53442 3.84855e-43 00
5.54161 3.82507e-43 00
5.5488 3.80168e-43 00
5.55599 3.77837e-43 00
5.56318 3.75514e-43 00
5.57037 3.732e-43 00
5.57756 3.70894e-43 00
5.58475 3.68596e-43 00
5.59194 3.66307e-43 00
5.59913 3.64026e-43 00
5.60632 3.61754e-43 00
5.61351 3.5949e-43 00
5.6207 3.57235e-43 00
5.62789 3.54988e-43 00
5.63508 3.5275e-43 00
5.64227 3.50521e-43 00
5.64946 3.483e-43 00
5.65665 3.46087e-43 00
5.66384 3.43884e-43 00
5.67103 3.41689e-43 00
5.67822 3.39502e-43 00
5.68541 3.37325e-43 00
5.6926 3.35156e-43 00
5.69979 3.32996e-43 00
5.70698 3.30845e-43 00
5.71417 3.28702e-43 00
5.72136 3.26569e-43 00
5.72855 3.24444e-43 00
5.73574 3.22328e-43 00
5.74293 3.2022e-43 00
5.75012 3.18122e-43 00
5.75731 3.16032e-43 00
5.7645 3.13952e-43 00
5.77169 3.1188e-43 00
5.77888 3.09817e-43 00
5.78607 3.07763e-43 00
5.79326 3.05718e-43 00
5.80045 3.03682e-43 00
5.80764 3.01655e-43 00
5.81483 2.99637e-43 00
5.82202 2.97628e-43 00
5.82921 2.95627e-43 00
5.8364 2.93636e-43 00
5.84359 2.91654e-43 00
5.85078 2.8968e-43 00
5.85797 2.87716e-43 00
5.86516 2.8576e-43 00
5.87235 2.83814e-43 00
5.87954 2.81876e-43 00
5.88673 2.79948e-43 00
5.89392 2.78028e-43 00
5.90111 2.76118e-43 00
5.9083 2.74216e-43 00
5.91549 2.72324e-43 00
5.92268 2.7044e-43 00
5.92987 2.68566e-43 00
5.93706 2.667e-43 00
5.94425 2.64843e-43 00
5.95144 2.62996e-43 00
5.95863 2.61157e-43 00
5.96582 2.59327e-43 00
5.97301 2.57507e-43 00
5.9802 2.55695e-43 00
5.98739 2.53892e-43 00
5.99458 2.52098e-43 00
6.00177 2.50313e-43 00
6.00896 2.48537e-43 00
6.01615 2.4677e-43 00
6.02334 2.45012e-43 00
6.03053 2.43263e-43 00
6.03772 2.41523e-43 00
6.04491 2.39791e-43 00
6.0521 2.38069e-43 00
6.05929 2.36355e-43 00
6.06648 2.3465e-43 00
6.07367 2.32954e-43 00
6.08086 2.31267e-43 00
6.08805 2.29589e-43 00
6.09524 2.2792e-43 00
6.10243 2.26259e-43 00
6.10962 2.24607e-43 00
6.11681 2.22964e-43 00
6.124 2.2133e-43 00
6.13119 2.19704e-43 00
6.13838 2.18088e-43 00
6.14557 2.1648e-43 00
6.15276 2.1488e-43 00
6.15995 2.1329e-43 00
6.16714 2.11708e-43 00
6.17433 2.10135e-43 00
6.18152 2.0857e-43 00
6.18871 2.07014e-43 00
6.1959 2.05467e-43 00
6.20309 2.03928e-43 00
6.21028 2.02398e-43 00
6.21747 2.00876e-43 00
6.22466 1.99363e-43 00
6.23185 1.97859e-43 00
6.23904 1.96363e-43 00
6.24623 1.94876e-43 00
6.25342 1.93397e-43 00
6.26061 1.91926e-43 00
6.2678 1.90464e-43 00
6.27499 1.8901e-43 00
6.28218 1.87565e-43 00
6.28937 1.86128e-43 00
6.29656 1.847e-43 00
6.30375 1.83279e-43 00
6.31094 1.81868e-43 00
6.31813 1.80464e-43 00
6.32532 1.79069e-43 00
6.33251 1.77682e-43 00
6.3397 1.76303e-43 00
6.34689 1.74932e-43 00
6.35408 1.7357e-43 00
6.36127 1.72215e-43 00
6.36846 1.70869e-43 00
6.37565 1.69531e-43 00
6.38284 1.68201e-43 00
6.39003 1.66879e-43 00
6.39722 1.65566e-43 00
6.40441 1.6426e-43 00
6.4116 1.62962e-43 00
6.41879 1.61672e-43 00
6.42598 1.6039e-43 00
6.43317 1.59116e-43 00
6.44036 1.5785e-43 00
6.44755 1.56592e-43 00
6.45474 1.55341e-43 00
6.46193 1.54099e-43 00
6.46912 1.52864e-43 00
6.47631 1.51637e-43 00
6.4835 1.50417e-43 00
6.49069 1.49206e-43 00
6.49788 1.48002e-43 00
6.50507 1.46806e-43 00
6.51226 1.45617e-43 00
6.51945 1.44436e-43 00
6.52664 1.43263e-43 00
6.53383 1.42097e-43 00
6.54102 1.40938e-43 00
6.54821 1.39787e-43 00
6.5554 1.38644e-43 00
6.56259 1.37508e-43 00
6.56978 1.36379e-43 00
6.57697 1.35258e-43 00
6.58416 1.34144e-43 00
6.59135 1.33038e-43 00
6.59854 1.31939e-43 00
6.60573 1.30847e-43 00
6.61292 1.29762e-43 00
6.62011 1.28684e-43 00
6.6273 1.27614e-43 00
6.63449 1.26551e-43 00
6.64168 1.25495e-43 00
6.64887 1.24446e-43 00
6.65606 1.23404e-43 00
6.66325 1.22369e-43 00
6.67044 1.21341e-43 00
6.67763 1.2032e-43 00
6.68482 1.19307e-43 00
6.69201 1.183e-43 00
6.6992 1.17299e-43 00
6.70639 1.16306e-43 00
6.71358 1.1532e-43 00
6.72077 1.1434e-43 00
6.72796 1.13367e-43 00
6.73515 1.12401e-43 00
6.74234 1.11442e-43 00
6.74953 1.10489e-43 00
6.75672 1.09543e-43 00
6.76391 1.08603e-43 00
6.7711 1.0767e-43 00
6.77829 1.06744e-43 00
6.78548 1.05824e-43 00
6.79267 1.04911e-43 00
6.79986 1.04004e-43 00
6.80705 1.03104e-43 00
6.81424 1.0221e-43 00
6.82143 1.01322e-43 00
6.82862 1.00441e-43 00
6.83581 9.9566e-44 00
6.843 9.86973e-44 00
6.85019 9.78349e-44 00
6.85738 9.69787e-44 00
6.86457 9.61287e-44 00
6.87176 9.52849e-44 00
6.87895 9.44472e-44 00
6.88614 9.36156e-44 00
6.89333 9.27901e-44 00
6.90052 9.19706e-44 00
6.90771 9.11571e-44 00
6.9149 9.03496e-44 00
6.92209 8.9548e-44 00
6.92928 8.87524e-44 00
6.93647 8.79626e-44 00
6.94366 8.71787e-44 00
6.95085 8.64007e-44 00
6.95804 8.56284e-44 00
6.96523 8.48619e-44 00
6.97242 8.41011e-44 00
6.97961 8.3346e-44 00
6.9868 8.25966e-44 00
6.99399 8.18529e-44 00
7.00118 8.11147e-44 00
7.00837 8.03822e-44 00
7.01556 7.96552e-44 00
7.02275 7.89337e-44 00
7.02994 7.82177e-44 00
7.03713 7.75072e-44 00
7.04432 7.68021e-44 00
7.05151 7.61024e-44 00
7.0587 7.54081e-44 00
7.06589 7.47191e-44 00
7.07308 7.40354e-44 00
7.08027 7.3357e-44 00
7.08746 7.26839e-44 00
7.09465 7.2016e-44 00
7.10184 7.13533e-44 00
7.10903 7.06957e-44 00
7.11622 7.00433e-44 00
7.12341 6.9396e-44 00
7.1306 6.87537e-44 00
7.13779 6.81165e-44 00
7.14498 6.74843e-44 00
7.15217 6.68571e-44 00
7.15936 6.62349e-44 00
7.16655 6.56176e-44 00
7.17374 6.50051e-44 00
7.18093 6.43976e-44 00
7.18812 6.37948e-44 00
7.19531 6.31969e-44 00
7.2025 6.26038e-44 00
7.20969 6.20154e-44 00
7.21688 6.14318e-44 00
7.22407 6.08528e-44 00
7.23126 6.02785e-44 00
7.23845 5.97089e-44 00
7.24564 5.91438e-44 00
7.25283 5.85834e-44 00
7.26002 5.80274e-44 00
7.26721 5.74761e-44 00
7.2744 5.69292e-44 00
7.28159 5.63867e-44 00
7.28878 5.58487e-44 00
7.29597 5.53152e-44 00
7.30316 5.4786e-44 00
7.31035 5.42611e-44 00
7.31754 5.37406e-44 00
7.32473 5.32244e-44 00
7.33192 5.27125e-44 00
7.33911 5.22048e-44 00
7.3463 5.17013e-44 00
7.35349 5.1202e-44 00
7.36068 5.07069e-44 00
7.36787 5.02159e-44 00
7.37506 4.9729e-44 00
7.38225 4.92462e-44 00
7.38944 4.87675e-44 00
7.39663 4.82928e-44 00
7.40382 4.78221e-44 00
7.41101 4.73553e-44 00
7.4182 4.68925e-44 00
7.42539 4.64337e-44 00
7.43258 4.59787e-44 00
7.43977 4.55276e-44 00
7.44696 4.50803e-44 00
7.45415 4.46369e-44 00
7.46134 4.41973e-44 00
7.46853 4.37614e-44 00
7.47572 4.33292e-44 00
7.48291 4.29008e-44 00
7.4901 4.24761e-44 00
7.49729 4.2055e-44 00
7.50448 4.16376e-44 00
7.51167 4.12238e-44 00
7.51886 4.08135e-44 00
7.52605 4.04069e-44 00
7.53324 4.00037e-44 00
7.54043 3.96041e-44 00
7.54762 3.9208e-44 00
7.55481 3.88153e-44 00
7.562 3.84261e-44 00
7.56919 3.80403e-44 00
7.57638 3.76579e-44 00
7.58357 3.72789e-44 00
7.59076 3.69032e-44 00
7.59795 3.65308e-44 00
7.60514 3.61617e-44 00
7.61233 3.57959e-44 00
7.61952 3.54333e-44 00
7.62671 3.5074e-44 00
7.6339 3.47178e-44 00
7.64109 3.43649e-44 00
7.64828 3.40151e-44 00
7.65547 3.36684e-44 00
7.66266 3.33249e-44 00
7.66985 3.29844e-44 00
7.67704 3.2647e-44 00
7.68423 3.23126e-44 00
7.69142 3.19812e-44 00
7.69861 3.16529e-44 00
7.7058 3.13275e-44 00
7.71299 3.10051e-44 00
7.72018 3.06856e-44 00
7.72737 3.0369e-44 00
7.73456 3.00553e-44 00
7.74175 2.97444e-44 00
7.74894 2.94364e-44 00
7.75613 2.91312e-44 00
7.76332 2.88289e-44 00
7.77051 2.85293e-44 00
7.7777 2.82324e-44 00
7.78489 2.79383e-44 00
7.79208 2.76469e-44 00
7.79927 2.73582e-44 00
7.80646 2.70722e-44 00
7.81365 2.67888e-44 00
7.82084 2.65081e-44 00
7.82803 2.62299e-44 00
7.83522 2.59544e-44 00
7.84241 2.56814e-44 00
7.8496 2.5411e-44 00
7.85679 2.51431e-44 00
7.86398 2.48778e-44 00
7.87117 2.46149e-44 00
7.87836 2.43545e-44 00
7.88555 2.40965e-44 00
7.89274 2.3841e-44 00
7.89993 2.35879e-44 00
7.90712 2.33372e-44 00
7.91431 2.30888e-44 00
7.9215 2.28428e-44 00
7.92869 2.25992e-44 00
7.93588 2.23579e-44 00
7.94307 2.21188e-44 00
7.95026 2.18821e-44 00
7.95745 2.16476e-44 00
7.96464 2.14154e-44 00
7.97183 2.11854e-44 00
7.97902 2.09576e-44 00
7.98621 2.0732e-44 00
7.9934 2.05085e-44 00
8.00059 2.02872e-44 00
8.00778 2.00681e-44 00
8.01497 1.98511e-44 00
8.02216 1.96362e-44 00
8.02935 1.94233e-44 00
8.03654 1.92125e-44 00
8.04373 1.90038e-44 00
8.05092 1.87971e-44 00
8.05811 1.85925e-44 00
8.0653 1.83898e-44 00
8.07249 1.81891e-44 00
8.07968 1.79904e-44 00
8.08687 1.77936e-44 00
8.09406 1.75988e-44 00
8.10125 1.74059e-44 00
8.10844 1.72149e-44 00
8.11563 1.70258e-44 00
8.12282 1.68385e-44 00
8.13001 1.66531e-44 00
8.1372 1.64695e-44 00
8.14439 1.62878e-44 00
8.15158 1.61078e-44 00
8.15877 1.59297e-44 00
8.16596 1.57533e-44 00
8.17315 1.55787e-44 00
8.18034 1.54058e-44 00
8.18753 1.52347e-44 00
8.19472 1.50653e-44 00
8.20191 1.48976e-44 00
8.2091 1.47315e-44 00
8.21629 1.45672e-44 00
8.22348 1.44045e-44 00
8.23067 1.42434e-44 00
8.23786 1.40839e-44 00
8.24505 1.39261e-44 00
8.25224 1.37699e-44 00
8.25943 1.36153e-44 00
8.26662 1.34622e-44 00
8.27381 1.33107e-44 00
8.281 1.31607e-44 00
8.28819 1.30123e-44 00
8.29538 1.28653e-44 00
8.30257 1.27199e-44 00
8.30976 1.2576e-44 00
8.31695 1.24335e-44 00
8.32414 1.22925e-44 00
8.33133 1.2153e-44 00
8.33852 1.20149e-44 00
8.34571 1.18782e-44 00
8.3529 1.1743e-44 00
8.36009 1.16091e-44 00
8.36728 1.14766e-44 00
8.37447 1.13455e-44 00
8.38166 1.12157e-44 00
8.38885 1.10873e-44 00
8.39604 1.09603e-44 00
8.40323 1.08345e-44 00
8.41042 1.07101e-44 00
8.41761 1.0587e-44 00
8.4248 1.04651e-44 00
8.43199 1.03446e-44 00
8.43918 1.02253e-44 00
8.44637 1.01072e-44 00
8.45356 9.9904e-45 00
8.46075 9.87482e-45 00
8.46794 9.76046e-45 00
8.47513 9.6473e-45 00
8.48232 9.53535e-45 00
8.48951 9.42457e-45 00
8.4967 9.31498e-45 00
8.50389 9.20654e-45 00
8.51108 9.09926e-45 00
8.51827 8.99311e-45 00
8.52546 8.8881e-45 00
8.53265 8.78421e-45 00
8.53984 8.68142e-45 00
8.54703 8.57974e-45 00
8.55422 8.47914e-45 00
8.56141 8.37962e-45 00
8.5686 8.28117e-45 00
8.57579 8.18377e-45 00
8.58298 8.08743e-45 00
8.59017 7.99212e-45 00
8.59736 7.89784e-45 00
8.60455 7.80457e-45 00
8.61174 7.71232e-45 00
8.61893 7.62106e-45 00
8.62612 7.53079e-45 00
8.63331 7.4415e-45 00
8.6405 7.35318e-45 00
8.64769 7.26582e-45 00
8.65488 7.17942e-45 00
8.66207 7.09395e-45 00
8.66926 7.00942e-45 00
8.67645 6.92581e-45 00
8.68364 6.84312e-45 00
8.69083 6.76133e-45 00
8.69802 6.68044e-45 00
8.70521 6.60043e-45 00
8.7124 6.52131e-45 00
8.71959 6.44306e-45 00
8.72678 6.36567e-45 00
8.73397 6.28913e-45 00
8.74116 6.21344e-45 00
8.74835 6.13859e-45 00
8.75554 6.06456e-45 00
8.76273 5.99136e-45 00
8.76992 5.91897e-45 00
8.77711 5.84738e-45 00
8.7843 5.77659e-45 00
8.79149 5.70659e-45 00
8.79868 5.63737e-45 00
8.80587 5.56892e-45 00
8.81306 5.50124e-45 00
8.82025 5.43431e-45 00
8.82744 5.36814e-45 00
8.83463 5.3027e-45 00
8.84182 5.23801e-45 00
8.84901 5.17404e-45 00
8.8562 5.11078e-45 00
8.86339 5.04825e-45 00
8.87058 4.98641e-45 00
8.87777 4.92528e-45 00
8.88496 4.86484e-45 00
8.89215 4.80508e-45 00
8.89934 4.746e-45 00
8.90653 4.68759e-45 00
8.91372 4.62984e-45 00
8.92091 4.57275e-45 00
8.9281 4.51631e-45 00
8.93529 4.46051e-45 00
8.94248 4.40535e-45 00
8.94967 4.35082e-45 00
8.95686 4.29692e-45 00
8.96405 4.24363e-45 00
8.97124 4.19095e-45 00
8.97843 4.13888e-45 00
8.98562 4.08741e-45 00
8.99281 4.03652e-45 00
