1.81 0.0670049 00
1.81719 0.0667772 00
1.82438 0.0665495 00
1.83157 0.0663218 00
1.83876 0.0660941 00
1.84595 0.0658665 00
1.85314 0.0656389 00
1.86033 0.0654114 00
1.86752 0.065184 00
1.87471 0.0649566 00
1.8819 0.0647292 00
1.88909 0.064502 00
1.89628 0.0642748 00
1.90347 0.0640477 00
1.91066 0.0638207 00
1.91785 0.0635938 00
1.92504 0.063367 00
1.93223 0.0631403 00
1.93942 0.0629136 00
1.94661 0.0626871 00
1.9538 0.0624607 00
1.96099 0.0622345 00
1.96818 0.0620083 00
1.97537 0.0617823 00
1.98256 0.0615564 00
1.98975 0.0613307 00
1.99694 0.0611051 00
2.00413 0.0608796 00
2.01132 0.0606543 00
2.01851 0.0604292 00
2.0257 0.0602042 00
2.03289 0.0599793 00
2.04008 0.0597547 00
2.04727 0.0595302 00
2.05446 0.0593059 00
2.06165 0.0590818 00
2.06884 0.0588578 00
2.07603 0.0586341 00
2.08322 0.0584105 00
2.09041 0.0581872 00
2.0976 0.0579641 00
2.10479 0.0577411 00
2.11198 0.0575184 00
2.11917 0.0572959 00
2.12636 0.0570736 00
2.13355 0.0568515 00
2.14074 0.0566297 00
2.14793 0.0564081 00
2.15512 0.0561867 00
2.16231 0.0559656 00
2.1695 0.0557447 00
2.17669 0.0555241 00
2.18388 0.0553037 00
2.19107 0.0550836 00
2.19826 0.0548637 00
2.20545 0.0546441 00
2.21264 0.0544248 00
2.21983 0.0542058 00
2.22702 0.053987 00
2.23421 0.0537685 00
2.2414 0.0535503 00
2.24859 0.0533323 00
2.25578 0.0531147 00
2.26297 0.0528974 00
2.27016 0.0526803 00
2.27735 0.0524636 00
2.28454 0.0522471 00
2.29173 0.052031 00
2.29892 0.0518152 00
2.30611 0.0515997 00
2.3133 0.0513845 00
2.32049 0.0511697 00
2.32768 0.0509551 00
2.33487 0.0507409 00
2.34206 0.0505271 00
2.34925 0.0503135 00
2.35644 0.0501003 00
2.36363 0.0498875 00
2.37082 0.049675 00
2.37801 0.0494629 00
2.3852 0.0492511 00
2.39239 0.0490396 00
2.39958 0.0488286 00
2.40677 0.0486178 00
2.41396 0.0484075 00
2.42115 0.0481975 00
2.42834 0.0479879 00
2.43553 0.0477787 00
2.44272 0.0475698 00
2.44991 0.0473614 00
2.4571 0.0471533 00
2.46429 0.0469456 00
2.47148 0.0467383 00
2.47867 0.0465314 00
2.48586 0.0463248 00
2.49305 0.0461187 00
2.50024 0.045913 00
2.50743 0.0457077 00
2.51462 0.0455028 00
2.52181 0.0452983 00
2.529 0.0450942 00
2.53619 0.0448906 00
2.54338 0.0446873 00
2.55057 0.0444845 00
2.55776 0.0442821 00
2.56495 0.0440801 00
2.57214 0.0438786 00
2.57933 0.0436775 00
2.58652 0.0434768 00
2.59371 0.0432765 00
2.6009 0.0430767 00
2.60809 0.0428774 00
2.61528 0.0426785 00
2.62247 0.04248 00
2.62966 0.042282 00
2.63685 0.0420844 00
2.64404 0.0418873 00
2.65123 0.0416906 00
2.65842 0.0414944 00
2.66561 0.0412987 00
2.6728 0.0411034 00
2.67999 0.0409086 00
2.68718 0.0407142 00
2.69437 0.0405203 00
2.70156 0.0403269 00
2.70875 0.040134 00
2.71594 0.0399415 00
2.72313 0.0397495 00
2.73032 0.039558 00
2.73751 0.039367 00
2.7447 0.0391764 00
2.75189 0.0389864 00
2.75908 0.0387968 00
2.76627 0.0386077 00
2.77346 0.0384191 00
2.78065 0.038231 00
2.78784 0.0380434 00
2.79503 0.0378563 00
2.80222 0.0376697 00
2.80941 0.0374836 00
2.8166 0.037298 00
2.82379 0.0371129 00
2.83098 0.0369283 00
2.83817 0.0367442 00
2.84536 0.0365606 00
2.85255 0.0363775 00
2.85974 0.0361949 00
2.86693 0.0360129 00
2.87412 0.0358313 00
2.88131 0.0356503 00
2.8885 0.0354698 00
2.89569 0.0352898 00
2.90288 0.0351103 00
2.91007 0.0349313 00
2.91726 0.0347529 00
2.92445 0.034575 00
2.93164 0.0343976 00
2.93883 0.0342208 00
2.94602 0.0340444 00
2.95321 0.0338686 00
2.9604 0.0336933 00
2.96759 0.0335186 00
2.97478 0.0333444 00
2.98197 0.0331707 00
2.98916 0.0329976 00
2.99635 0.032825 00
3.00354 0.0326529 00
3.01073 0.0324814 00
3.01792 0.0323104 00
3.02511 0.0321399 00
3.0323 0.03197 00
3.03949 0.0318006 00
3.04668 0.0316318 00
3.05387 0.0314635 00
3.06106 0.0312958 00
3.06825 0.0311286 00
3.07544 0.0309619 00
3.08263 0.0307958 00
3.08982 0.0306303 00
3.09701 0.0304653 00
3.1042 0.0303008 00
3.11139 0.0301369 00
3.11858 0.0299736 00
3.12577 0.0298107 00
3.13296 0.0296485 00
3.14015 0.0294868 00
3.14734 0.0293256 00
3.15453 0.029165 00
3.16172 0.029005 00
3.16891 0.0288455 00
3.1761 0.0286866 00
3.18329 0.0285282 00
3.19048 0.0283704 00
3.19767 0.0282131 00
3.20486 0.0280564 00
3.21205 0.0279003 00
3.21924 0.0277447 00
3.22643 0.0275896 00
3.23362 0.0274352 00
3.24081 0.0272812 00
3.248 0.0271279 00
3.25519 0.0269751 00
3.26238 0.0268228 00
3.26957 0.0266712 00
3.27676 0.02652 00
3.28395 0.0263695 00
3.29114 0.0262195 00
3.29833 0.0260701 00
3.30552 0.0259212 00
3.31271 0.0257729 00
3.3199 0.0256251 00
3.32709 0.0254779 00
3.33428 0.0253313 00
3.34147 0.0251852 00
3.34866 0.0250397 00
3.35585 0.0248948 00
3.36304 0.0247504 00
3.37023 0.0246066 00
3.37742 0.0244633 00
3.38461 0.0243206 00
3.3918 0.0241784 00
3.39899 0.0240369 00
3.40618 0.0238959 00
3.41337 0.0237554 00
3.42056 0.0236155 00
3.42775 0.0234762 00
3.43494 0.0233374 00
3.44213 0.0231992 00
3.44932 0.0230615 00
3.45651 0.0229244 00
3.4637 0.0227879 00
3.47089 0.0226519 00
3.47808 0.0225165 00
3.48527 0.0223816 00
3.49246 0.0222473 00
3.49965 0.0221136 00
3.50684 0.0219804 00
3.51403 0.0218478 00
3.52122 0.0217157 00
3.52841 0.0215842 00
3.5356 0.0214532 00
3.54279 0.0213228 00
3.54998 0.021193 00
3.55717 0.0210637 00
3.56436 0.0209349 00
3.57155 0.0208067 00
3.57874 0.0206791 00
3.58593 0.020552 00
3.59312 0.0204255 00
3.60031 0.0202995 00
3.6075 0.0201741 00
3.61469 0.0200492 00
3.62188 0.0199249 00
3.62907 0.0198011 00
3.63626 0.0196778 00
3.64345 0.0195552 00
3.65064 0.019433 00
3.65783 0.0193114 00
3.66502 0.0191904 00
3.67221 0.0190699 00
3.6794 0.0189499 00
3.68659 0.0188305 00
3.69378 0.0187116 00
3.70097 0.0185933 00
3.70816 0.0184755 00
3.71535 0.0183583 00
3.72254 0.0182416 00
3.72973 0.0181254 00
3.73692 0.0180098 00
3.74411 0.0178947 00
3.7513 0.0177801 00
3.75849 0.0176661 00
3.76568 0.0175526 00
3.77287 0.0174396 00
3.78006 0.0173272 00
3.78725 0.0172153 00
3.79444 0.0171039 00
3.80163 0.0169931 00
3.80882 0.0168828 00
3.81601 0.016773 00
3.8232 0.0166638 00
3.83039 0.0165551 00
3.83758 0.0164469 00
3.84477 0.0163392 00
3.85196 0.016232 00
3.85915 0.0161254 00
3.86634 0.0160193 00
3.87353 0.0159137 00
3.88072 0.0158086 00
3.88791 0.0157041 00
3.8951 0.0156001 00
3.90229 0.0154965 00
3.90948 0.0153935 00
3.91667 0.015291 00
3.92386 0.015189 00
3.93105 0.0150876 00
3.93824 0.0149866 00
3.94543 0.0148862 00
3.95262 0.0147862 00
3.95981 0.0146868 00
3.967 0.0145878 00
3.97419 0.0144894 00
3.98138 0.0143915 00
3.98857 0.0142941 00
3.99576 0.0141971 00
4.00295 0.0141007 00
4.01014 0.0140048 00
4.01733 0.0139094 00
4.02452 0.0138144 00
4.03171 0.01372 00
4.0389 0.013626 00
4.04609 0.0135326 00
4.05328 0.0134396 00
4.06047 0.0133471 00
4.06766 0.0132551 00
4.07485 0.0131636 00
4.08204 0.0130726 00
4.08923 0.0129821 00
4.09642 0.012892 00
4.10361 0.0128024 00
4.1108 0.0127133 00
4.11799 0.0126247 00
4.12518 0.0125366 00
4.13237 0.0124489 00
4.13956 0.0123617 00
4.14675 0.012275 00
4.15394 0.0121888 00
4.16113 0.012103 00
4.16832 0.0120177 00
4.17551 0.0119329 00
4.1827 0.0118485 00
4.18989 0.0117646 00
4.19708 0.0116812 00
4.20427 0.0115982 00
4.21146 0.0115157 00
4.21865 0.0114336 00
4.22584 0.011352 00
4.23303 0.0112708 00
4.24022 0.0111901 00
4.24741 0.0111099 00
4.2546 0.0110301 00
4.26179 0.0109508 00
4.26898 0.0108719 00
4.27617 0.0107934 00
4.28336 0.0107154 00
4.29055 0.0106379 00
4.29774 0.0105608 00
4.30493 0.0104841 00
4.31212 0.0104079 00
4.31931 0.0103321 00
4.3265 0.0102567 00
4.33369 0.0101818 00
4.34088 0.0101073 00
4.34807 0.0100333 00
4.35526 0.00995966 00
4.36245 0.00988647 00
4.36964 0.0098137 00
4.37683 0.00974136 00
4.38402 0.00966945 00
4.39121 0.00959796 00
4.3984 0.00952689 00
4.40559 0.00945624 00
4.41278 0.00938601 00
4.41997 0.0093162 00
4.42716 0.0092468 00
4.43435 0.00917782 00
4.44154 0.00910925 00
4.44873 0.00904109 00
4.45592 0.00897334 00
4.46311 0.00890599 00
4.4703 0.00883906 00
4.47749 0.00877253 00
4.48468 0.0087064 00
4.49187 0.00864067 00
4.49906 0.00857534 00
4.50625 0.00851041 00
4.51344 0.00844588 00
4.52063 0.00838175 00
4.52782 0.008318 00
4.53501 0.00825465 00
4.5422 0.00819169 00
4.54939 0.00812912 00
4.55658 0.00806694 00
4.56377 0.00800514 00
4.57096 0.00794373 00
4.57815 0.0078827 00
4.58534 0.00782205 00
4.59253 0.00776178 00
4.59972 0.00770188 00
4.60691 0.00764237 00
4.6141 0.00758323 00
4.62129 0.00752446 00
4.62848 0.00746606 00
4.63567 0.00740804 00
4.64286 0.00735038 00
4.65005 0.00729309 00
4.65724 0.00723616 00
4.66443 0.0071796 00
4.67162 0.0071234 00
4.67881 0.00706757 00
4.686 0.00701209 00
4.69319 0.00695696 00
4.70038 0.0069022 00
4.70757 0.00684779 00
4.71476 0.00679373 00
4.72195 0.00674002 00
4.72914 0.00668666 00
4.73633 0.00663365 00
4.74352 0.00658099 00
4.75071 0.00652867 00
4.7579 0.00647669 00
4.76509 0.00642506 00
4.77228 0.00637377 00
4.77947 0.00632281 00
4.78666 0.00627219 00
4.79385 0.00622191 00
4.80104 0.00617196 00
4.80823 0.00612234 00
4.81542 0.00607306 00
4.82261 0.0060241 00
4.8298 0.00597547 00
4.83699 0.00592717 00
4.84418 0.00587919 00
4.85137 0.00583153 00
4.85856 0.0057842 00
4.86575 0.00573719 00
4.87294 0.00569049 00
4.88013 0.00564411 00
4.88732 0.00559805 00
4.89451 0.0055523 00
4.9017 0.00550686 00
4.90889 0.00546173 00
4.91608 0.00541691 00
4.92327 0.0053724 00
4.93046 0.00532819 00
4.93765 0.00528429 00
4.94484 0.0052407 00
4.95203 0.0051974 00
4.95922 0.0051544 00
4.96641 0.0051117 00
4.9736 0.0050693 00
4.98079 0.0050272 00
4.98798 0.00498538 00
4.99517 0.00494387 00
5.00236 0.00490264 00
5.00955 0.0048617 00
5.01674 0.00482104 00
5.02393 0.00478068 00
5.03112 0.0047406 00
5.03831 0.0047008 00
5.0455 0.00466128 00
5.05269 0.00462205 00
5.05988 0.00458309 00
5.06707 0.00454441 00
5.07426 0.00450601 00
5.08145 0.00446788 00
5.08864 0.00443002 00
5.09583 0.00439244 00
5.10302 0.00435512 00
5.11021 0.00431808 00
5.1174 0.0042813 00
5.12459 0.00424479 00
5.13178 0.00420854 00
5.13897 0.00417255 00
5.14616 0.00413683 00
5.15335 0.00410136 00
5.16054 0.00406615 00
5.16773 0.0040312 00
5.17492 0.00399651 00
5.18211 0.00396207 00
5.1893 0.00392788 00
5.19649 0.00389395 00
5.20368 0.00386026 00
5.21087 0.00382682 00
5.21806 0.00379363 00
5.22525 0.00376069 00
5.23244 0.00372799 00
5.23963 0.00369553 00
5.24682 0.00366331 00
5.25401 0.00363134 00
5.2612 0.0035996 00
5.26839 0.0035681 00
5.27558 0.00353684 00
5.28277 0.00350581 00
5.28996 0.00347501 00
5.29715 0.00344445 00
5.30434 0.00341411 00
5.31153 0.00338401 00
5.31872 0.00335413 00
5.32591 0.00332448 00
5.3331 0.00329505 00
5.34029 0.00326585 00
5.34748 0.00323687 00
5.35467 0.00320812 00
5.36186 0.00317958 00
5.36905 0.00315126 00
5.37624 0.00312316 00
5.38343 0.00309527 00
5.39062 0.0030676 00
5.39781 0.00304014 00
5.405 0.00301289 00
5.41219 0.00298586 00
5.41938 0.00295903 00
5.42657 0.00293241 00
5.43376 0.002906 00
5.44095 0.0028798 00
5.44814 0.0028538 00
5.45533 0.002828 00
5.46252 0.0028024 00
5.46971 0.002777 00
5.4769 0.00275181 00
5.48409 0.00272681 00
5.49128 0.00270201 00
5.49847 0.0026774 00
5.50566 0.00265299 00
5.51285 0.00262877 00
5.52004 0.00260474 00
5.52723 0.00258091 00
5.53442 0.00255726 00
5.54161 0.0025338 00
5.5488 0.00251053 00
5.55599 0.00248744 00
5.56318 0.00246454 00
5.57037 0.00244182 00
5.57756 0.00241929 00
5.58475 0.00239693 00
5.59194 0.00237476 00
5.59913 0.00235276 00
5.60632 0.00233094 00
5.61351 0.0023093 00
5.6207 0.00228783 00
5.62789 0.00226654 00
5.63508 0.00224542 00
5.64227 0.00222448 00
5.64946 0.0022037 00
5.65665 0.00218309 00
5.66384 0.00216265 00
5.67103 0.00214238 00
5.67822 0.00212227 00
5.68541 0.00210233 00
5.6926 0.00208256 00
5.69979 0.00206294 00
5.70698 0.00204349 00
5.71417 0.0020242 00
5.72136 0.00200507 00
5.72855 0.0019861 00
5.73574 0.00196728 00
5.74293 0.00194862 00
5.75012 0.00193012 00
5.75731 0.00191177 00
5.7645 0.00189357 00
5.77169 0.00187553 00
5.77888 0.00185764 00
5.78607 0.0018399 00
5.79326 0.0018223 00
5.80045 0.00180486 00
5.80764 0.00178756 00
5.81483 0.0017704 00
5.82202 0.0017534 00
5.82921 0.00173653 00
5.8364 0.00171981 00
5.84359 0.00170323 00
5.85078 0.00168679 00
5.85797 0.00167049 00
5.86516 0.00165434 00
5.87235 0.00163831 00
5.87954 0.00162243 00
5.88673 0.00160668 00
5.89392 0.00159107 00
5.90111 0.00157559 00
5.9083 0.00156024 00
5.91549 0.00154503 00
5.92268 0.00152994 00
5.92987 0.00151499 00
5.93706 0.00150017 00
5.94425 0.00148547 00
5.95144 0.0014709 00
5.95863 0.00145646 00
5.96582 0.00144215 00
5.97301 0.00142796 00
5.9802 0.00141389 00
5.98739 0.00139994 00
5.99458 0.00138612 00
6.00177 0.00137242 00
6.00896 0.00135884 00
6.01615 0.00134538 00
6.02334 0.00133204 00
6.03053 0.00131881 00
6.03772 0.0013057 00
6.04491 0.00129271 00
6.0521 0.00127983 00
6.05929 0.00126706 00
6.06648 0.00125441 00
6.07367 0.00124187 00
6.08086 0.00122945 00
6.08805 0.00121713 00
6.09524 0.00120492 00
6.10243 0.00119283 00
6.10962 0.00118084 00
6.11681 0.00116896 00
6.124 0.00115718 00
6.13119 0.00114551 00
6.13838 0.00113395 00
6.14557 0.00112249 00
6.15276 0.00111113 00
6.15995 0.00109987 00
6.16714 0.00108872 00
6.17433 0.00107767 00
6.18152 0.00106672 00
6.18871 0.00105587 00
6.1959 0.00104511 00
6.20309 0.00103446 00
6.21028 0.0010239 00
6.21747 0.00101344 00
6.22466 0.00100307 00
6.23185 0.0009928 00
6.23904 0.000982623 00
6.24623 0.000972539 00
6.25342 0.000962548 00
6.26061 0.000952649 00
6.2678 0.000942841 00
6.27499 0.000933123 00
6.28218 0.000923496 00
6.28937 0.000913957 00
6.29656 0.000904507 00
6.30375 0.000895144 00
6.31094 0.000885869 00
6.31813 0.00087668 00
6.32532 0.000867576 00
6.33251 0.000858557 00
6.3397 0.000849623 00
6.34689 0.000840772 00
6.35408 0.000832004 00
6.36127 0.000823318 00
6.36846 0.000814713 00
6.37565 0.00080619 00
6.38284 0.000797747 00
6.39003 0.000789383 00
6.39722 0.000781098 00
6.40441 0.000772892 00
6.4116 0.000764763 00
6.41879 0.000756711 00
6.42598 0.000748735 00
6.43317 0.000740836 00
6.44036 0.000733011 00
6.44755 0.000725261 00
6.45474 0.000717585 00
6.46193 0.000709982 00
6.46912 0.000702452 00
6.47631 0.000694993 00
6.4835 0.000687607 00
6.49069 0.000680291 00
6.49788 0.000673045 00
6.50507 0.000665869 00
6.51226 0.000658763 00
6.51945 0.000651725 00
6.52664 0.000644754 00
6.53383 0.000637851 00
6.54102 0.000631015 00
6.54821 0.000624246 00
6.5554 0.000617542 00
6.56259 0.000610903 00
6.56978 0.000604328 00
6.57697 0.000597818 00
6.58416 0.000591371 00
6.59135 0.000584988 00
6.59854 0.000578666 00
6.60573 0.000572407 00
6.61292 0.000566209 00
6.62011 0.000560071 00
6.6273 0.000553994 00
6.63449 0.000547977 00
6.64168 0.000542019 00
6.64887 0.00053612 00
6.65606 0.000530279 00
6.66325 0.000524496 00
6.67044 0.00051877 00
6.67763 0.000513101 00
6.68482 0.000507488 00
6.69201 0.000501931 00
6.6992 0.000496429 00
6.70639 0.000490982 00
6.71358 0.000485589 00
6.72077 0.00048025 00
6.72796 0.000474965 00
6.73515 0.000469732 00
6.74234 0.000464552 00
6.74953 0.000459424 00
6.75672 0.000454347 00
6.76391 0.000449321 00
6.7711 0.000444346 00
6.77829 0.000439422 00
6.78548 0.000434546 00
6.79267 0.000429721 00
6.79986 0.000424943 00
6.80705 0.000420215 00
6.81424 0.000415534 00
6.82143 0.000410901 00
6.82862 0.000406315 00
6.83581 0.000401775 00
6.843 0.000397282 00
6.85019 0.000392835 00
6.85738 0.000388433 00
6.86457 0.000384076 00
6.87176 0.000379764 00
6.87895 0.000375496 00
6.88614 0.000371272 00
6.89333 0.000367091 00
6.90052 0.000362953 00
6.90771 0.000358858 00
6.9149 0.000354805 00
6.92209 0.000350794 00
6.92928 0.000346824 00
6.93647 0.000342895 00
6.94366 0.000339007 00
6.95085 0.00033516 00
6.95804 0.000331352 00
6.96523 0.000327584 00
6.97242 0.000323855 00
6.97961 0.000320165 00
6.9868 0.000316514 00
6.99399 0.0003129 00
7.00118 0.000309325 00
7.00837 0.000305786 00
7.01556 0.000302285 00
7.02275 0.000298821 00
7.02994 0.000295393 00
7.03713 0.000292001 00
7.04432 0.000288645 00
7.05151 0.000285324 00
7.0587 0.000282038 00
7.06589 0.000278787 00
7.07308 0.000275571 00
7.08027 0.000272388 00
7.08746 0.000269239 00
7.09465 0.000266124 00
7.10184 0.000263041 00
7.10903 0.000259992 00
7.11622 0.000256975 00
7.12341 0.00025399 00
7.1306 0.000251036 00
7.13779 0.000248115 00
7.14498 0.000245225 00
7.15217 0.000242365 00
7.15936 0.000239537 00
7.16655 0.000236738 00
7.17374 0.00023397 00
7.18093 0.000231232 00
7.18812 0.000228523 00
7.19531 0.000225843 00
7.2025 0.000223192 00
7.20969 0.00022057 00
7.21688 0.000217976 00
7.22407 0.00021541 00
7.23126 0.000212872 00
7.23845 0.000210362 00
7.24564 0.000207878 00
7.25283 0.000205422 00
7.26002 0.000202993 00
7.26721 0.00020059 00
7.2744 0.000198213 00
7.28159 0.000195862 00
7.28878 0.000193537 00
7.29597 0.000191238 00
7.30316 0.000188963 00
7.31035 0.000186714 00
7.31754 0.000184489 00
7.32473 0.000182289 00
7.33192 0.000180113 00
7.33911 0.000177961 00
7.3463 0.000175833 00
7.35349 0.000173728 00
7.36068 0.000171646 00
7.36787 0.000169588 00
7.37506 0.000167552 00
7.38225 0.000165539 00
7.38944 0.000163548 00
7.39663 0.00016158 00
7.40382 0.000159633 00
7.41101 0.000157708 00
7.4182 0.000155804 00
7.42539 0.000153922 00
7.43258 0.000152061 00
7.43977 0.00015022 00
7.44696 0.0001484 00
7.45415 0.000146601 00
7.46134 0.000144822 00
7.46853 0.000143062 00
7.47572 0.000141323 00
7.48291 0.000139603 00
7.4901 0.000137902 00
7.49729 0.000136221 00
7.50448 0.000134559 00
7.51167 0.000132915 00
7.51886 0.00013129 00
7.52605 0.000129684 00
7.53324 0.000128096 00
7.54043 0.000126525 00
7.54762 0.000124973 00
7.55481 0.000123438 00
7.562 0.000121921 00
7.56919 0.000120421 00
7.57638 0.000118938 00
7.58357 0.000117472 00
7.59076 0.000116023 00
7.59795 0.00011459 00
7.60514 0.000113174 00
7.61233 0.000111774 00
7.61952 0.00011039 00
7.62671 0.000109022 00
7.6339 0.00010767 00
7.64109 0.000106334 00
7.64828 0.000105013 00
7.65547 0.000103707 00
7.66266 0.000102416 00
7.66985 0.00010114 00
7.67704 9.98787e-05 00
7.68423 9.86322e-05 00
7.69142 9.74002e-05 00
7.69861 9.61824e-05 00
7.7058 9.49789e-05 00
7.71299 9.37893e-05 00
7.72018 9.26136e-05 00
7.72737 9.14516e-05 00
7.73456 9.03032e-05 00
7.74175 8.91682e-05 00
7.74894 8.80464e-05 00
7.75613 8.69378e-05 00
7.76332 8.58422e-05 00
7.77051 8.47595e-05 00
7.7777 8.36895e-05 00
7.78489 8.2632e-05 00
7.79208 8.1587e-05 00
7.79927 8.05544e-05 00
7.80646 7.95339e-05 00
7.81365 7.85254e-05 00
7.82084 7.75289e-05 00
7.82803 7.65441e-05 00
7.83522 7.5571e-05 00
7.84241 7.46094e-05 00
7.8496 7.36593e-05 00
7.85679 7.27204e-05 00
7.86398 7.17927e-05 00
7.87117 7.08761e-05 00
7.87836 6.99703e-05 00
7.88555 6.90754e-05 00
7.89274 6.81911e-05 00
7.89993 6.73174e-05 00
7.90712 6.64542e-05 00
7.91431 6.56012e-05 00
7.9215 6.47585e-05 00
7.92869 6.3926e-05 00
7.93588 6.31034e-05 00
7.94307 6.22907e-05 00
7.95026 6.14877e-05 00
7.95745 6.06945e-05 00
7.96464 5.99108e-05 00
7.97183 5.91365e-05 00
7.97902 5.83716e-05 00
7.98621 5.7616e-05 00
7.9934 5.68695e-05 00
8.00059 5.6132e-05 00
8.00778 5.54035e-05 00
8.01497 5.46839e-05 00
8.02216 5.39729e-05 00
8.02935 5.32706e-05 00
8.03654 5.25769e-05 00
8.04373 5.18916e-05 00
8.05092 5.12147e-05 00
8.05811 5.0546e-05 00
8.0653 4.98855e-05 00
8.07249 4.92331e-05 00
8.07968 4.85887e-05 00
8.08687 4.79521e-05 00
8.09406 4.73234e-05 00
8.10125 4.67024e-05 00
8.10844 4.6089e-05 00
8.11563 4.54832e-05 00
8.12282 4.48849e-05 00
8.13001 4.42939e-05 00
8.1372 4.37102e-05 00
8.14439 4.31337e-05 00
8.15158 4.25643e-05 00
8.15877 4.2002e-05 00
8.16596 4.14466e-05 00
8.17315 4.08982e-05 00
8.18034 4.03565e-05 00
8.18753 3.98215e-05 00
8.19472 3.92933e-05 00
8.20191 3.87715e-05 00
8.2091 3.82563e-05 00
8.21629 3.77475e-05 00
8.22348 3.72451e-05 00
8.23067 3.67489e-05 00
8.23786 3.62589e-05 00
8.24505 3.57751e-05 00
8.25224 3.52973e-05 00
8.25943 3.48255e-05 00
8.26662 3.43597e-05 00
8.27381 3.38997e-05 00
8.281 3.34454e-05 00
8.28819 3.29969e-05 00
8.29538 3.2554e-05 00
8.30257 3.21168e-05 00
8.30976 3.1685e-05 00
8.31695 3.12587e-05 00
8.32414 3.08378e-05 00
8.33133 3.04222e-05 00
8.33852 3.00119e-05 00
8.34571 2.96067e-05 00
8.3529 2.92067e-05 00
8.36009 2.88118e-05 00
8.36728 2.8422e-05 00
8.37447 2.8037e-05 00
8.38166 2.7657e-05 00
8.38885 2.72818e-05 00
8.39604 2.69114e-05 00
8.40323 2.65458e-05 00
8.41042 2.61848e-05 00
8.41761 2.58284e-05 00
8.4248 2.54766e-05 00
8.43199 2.51294e-05 00
8.43918 2.47865e-05 00
8.44637 2.44481e-05 00
8.45356 2.4114e-05 00
8.46075 2.37842e-05 00
8.46794 2.34587e-05 00
8.47513 2.31374e-05 00
8.48232 2.28202e-05 00
8.48951 2.25071e-05 00
8.4967 2.2198e-05 00
8.50389 2.1893e-05 00
8.51108 2.15919e-05 00
8.51827 2.12947e-05 00
8.52546 2.10013e-05 00
8.53265 2.07118e-05 00
8.53984 2.0426e-05 00
8.54703 2.0144e-05 00
8.55422 1.98656e-05 00
8.56141 1.95908e-05 00
8.5686 1.93196e-05 00
8.57579 1.9052e-05 00
8.58298 1.87879e-05 00
8.59017 1.85272e-05 00
8.59736 1.82699e-05 00
8.60455 1.8016e-05 00
8.61174 1.77654e-05 00
8.61893 1.75182e-05 00
8.62612 1.72741e-05 00
8.63331 1.70333e-05 00
8.6405 1.67956e-05 00
8.64769 1.65611e-05 00
8.65488 1.63297e-05 00
8.66207 1.61013e-05 00
8.66926 1.58759e-05 00
8.67645 1.56535e-05 00
8.68364 1.54341e-05 00
8.69083 1.52176e-05 00
8.69802 1.50039e-05 00
8.70521 1.47931e-05 00
8.7124 1.4585e-05 00
8.71959 1.43797e-05 00
8.72678 1.41772e-05 00
8.73397 1.39774e-05 00
8.74116 1.37802e-05 00
8.74835 1.35856e-05 00
8.75554 1.33937e-05 00
8.76273 1.32043e-05 00
8.76992 1.30174e-05 00
8.77711 1.2833e-05 00
8.7843 1.26512e-05 00
8.79149 1.24717e-05 00
8.79868 1.22947e-05 00
8.80587 1.212e-05 00
8.81306 1.19477e-05 00
8.82025 1.17777e-05 00
8.82744 1.16099e-05 00
8.83463 1.14445e-05 00
8.84182 1.12813e-05 00
8.84901 1.11202e-05 00
8.8562 1.09614e-05 00
8.86339 1.08047e-05 00
8.87058 1.06501e-05 00
8.87777 1.04976e-05 00
8.88496 1.03472e-05 00
8.89215 1.01989e-05 00
8.89934 1.00525e-05 00
8.90653 9.90812e-06 00
8.91372 9.76572e-06 00
8.92091 9.62525e-06 00
8.9281 9.48669e-06 00
8.93529 9.35003e-06 00
8.94248 9.21523e-06 00
8.94967 9.08227e-06 00
8.95686 8.95113e-06 00
8.96405 8.82179e-06 00
8.97124 8.69421e-06 00
8.97843 8.56839e-06 00
8.98562 8.44429e-06 00
8.99281 8.32189e-06 00
