1.81 0.0806823 00
1.81719 0.080338 00
1.82438 0.0799944 00
1.83157 0.0796513 00
1.83876 0.079309 00
1.84595 0.0789673 00
1.85314 0.0786263 00
1.86033 0.078286 00
1.86752 0.0779464 00
1.87471 0.0776074 00
1.8819 0.0772692 00
1.88909 0.0769316 00
1.89628 0.0765948 00
1.90347 0.0762586 00
1.91066 0.0759231 00
1.91785 0.0755884 00
1.92504 0.0752544 00
1.93223 0.074921 00
1.93942 0.0745884 00
1.94661 0.0742566 00
1.9538 0.0739254 00
1.96099 0.073595 00
1.96818 0.0732653 00
1.97537 0.0729363 00
1.98256 0.0726081 00
1.98975 0.0722807 00
1.99694 0.071954 00
2.00413 0.071628 00
2.01132 0.0713028 00
2.01851 0.0709783 00
2.0257 0.0706546 00
2.03289 0.0703317 00
2.04008 0.0700095 00
2.04727 0.0696881 00
2.05446 0.0693675 00
2.06165 0.0690476 00
2.06884 0.0687286 00
2.07603 0.0684103 00
2.08322 0.0680927 00
2.09041 0.067776 00
2.0976 0.0674601 00
2.10479 0.0671449 00
2.11198 0.0668306 00
2.11917 0.066517 00
2.12636 0.0662043 00
2.13355 0.0658923 00
2.14074 0.0655812 00
2.14793 0.0652708 00
2.15512 0.0649613 00
2.16231 0.0646526 00
2.1695 0.0643447 00
2.17669 0.0640376 00
2.18388 0.0637313 00
2.19107 0.0634259 00
2.19826 0.0631213 00
2.20545 0.0628175 00
2.21264 0.0625145 00
2.21983 0.0622124 00
2.22702 0.0619111 00
2.23421 0.0616106 00
2.2414 0.061311 00
2.24859 0.0610122 00
2.25578 0.0607142 00
2.26297 0.0604171 00
2.27016 0.0601208 00
2.27735 0.0598254 00
2.28454 0.0595308 00
2.29173 0.0592371 00
2.29892 0.0589442 00
2.30611 0.0586522 00
2.3133 0.058361 00
2.32049 0.0580707 00
2.32768 0.0577813 00
2.33487 0.0574927 00
2.34206 0.0572049 00
2.34925 0.0569181 00
2.35644 0.0566321 00
2.36363 0.0563469 00
2.37082 0.0560627 00
2.37801 0.0557793 00
2.3852 0.0554967 00
2.39239 0.0552151 00
2.39958 0.0549343 00
2.40677 0.0546544 00
2.41396 0.0543753 00
2.42115 0.0540971 00
2.42834 0.0538199 00
2.43553 0.0535434 00
2.44272 0.0532679 00
2.44991 0.0529933 00
2.4571 0.0527195 00
2.46429 0.0524466 00
2.47148 0.0521746 00
2.47867 0.0519035 00
2.48586 0.0516332 00
2.49305 0.0513639 00
2.50024 0.0510954 00
2.50743 0.0508279 00
2.51462 0.0505612 00
2.52181 0.0502954 00
2.529 0.0500305 00
2.53619 0.0497665 00
2.54338 0.0495033 00
2.55057 0.0492411 00
2.55776 0.0489798 00
2.56495 0.0487193 00
2.57214 0.0484598 00
2.57933 0.0482011 00
2.58652 0.0479433 00
2.59371 0.0476865 00
2.6009 0.0474305 00
2.60809 0.0471754 00
2.61528 0.0469212 00
2.62247 0.0466679 00
2.62966 0.0464155 00
2.63685 0.046164 00
2.64404 0.0459134 00
2.65123 0.0456637 00
2.65842 0.0454149 00
2.66561 0.045167 00
2.6728 0.04492 00
2.67999 0.0446739 00
2.68718 0.0444287 00
2.69437 0.0441844 00
2.70156 0.043941 00
2.70875 0.0436984 00
2.71594 0.0434568 00
2.72313 0.0432161 00
2.73032 0.0429763 00
2.73751 0.0427373 00
2.7447 0.0424993 00
2.75189 0.0422622 00
2.75908 0.0420259 00
2.76627 0.0417906 00
2.77346 0.0415561 00
2.78065 0.0413226 00
2.78784 0.0410899 00
2.79503 0.0408582 00
2.80222 0.0406273 00
2.80941 0.0403973 00
2.8166 0.0401683 00
2.82379 0.0399401 00
2.83098 0.0397128 00
2.83817 0.0394864 00
2.84536 0.0392609 00
2.85255 0.0390363 00
2.85974 0.0388126 00
2.86693 0.0385898 00
2.87412 0.0383678 00
2.88131 0.0381468 00
2.8885 0.0379266 00
2.89569 0.0377073 00
2.90288 0.037489 00
2.91007 0.0372715 00
2.91726 0.0370549 00
2.92445 0.0368391 00
2.93164 0.0366243 00
2.93883 0.0364103 00
2.94602 0.0361973 00
2.95321 0.0359851 00
2.9604 0.0357737 00
2.96759 0.0355633 00
2.97478 0.0353538 00
2.98197 0.0351451 00
2.98916 0.0349373 00
2.99635 0.0347304 00
3.00354 0.0345243 00
3.01073 0.0343192 00
3.01792 0.0341149 00
3.02511 0.0339114 00
3.0323 0.0337089 00
3.03949 0.0335072 00
3.04668 0.0333064 00
3.05387 0.0331064 00
3.06106 0.0329074 00
3.06825 0.0327091 00
3.07544 0.0325118 00
3.08263 0.0323153 00
3.08982 0.0321197 00
3.09701 0.0319249 00
3.1042 0.031731 00
3.11139 0.031538 00
3.11858 0.0313458 00
3.12577 0.0311544 00
3.13296 0.0309639 00
3.14015 0.0307743 00
3.14734 0.0305855 00
3.15453 0.0303976 00
3.16172 0.0302105 00
3.16891 0.0300243 00
3.1761 0.0298389 00
3.18329 0.0296543 00
3.19048 0.0294706 00
3.19767 0.0292878 00
3.20486 0.0291058 00
3.21205 0.0289246 00
3.21924 0.0287442 00
3.22643 0.0285647 00
3.23362 0.028386 00
3.24081 0.0282082 00
3.248 0.0280312 00
3.25519 0.027855 00
3.26238 0.0276796 00
3.26957 0.0275051 00
3.27676 0.0273314 00
3.28395 0.0271585 00
3.29114 0.0269864 00
3.29833 0.0268151 00
3.30552 0.0266447 00
3.31271 0.0264751 00
3.3199 0.0263063 00
3.32709 0.0261383 00
3.33428 0.0259711 00
3.34147 0.0258047 00
3.34866 0.0256391 00
3.35585 0.0254743 00
3.36304 0.0253104 00
3.37023 0.0251472 00
3.37742 0.0249848 00
3.38461 0.0248232 00
3.3918 0.0246625 00
3.39899 0.0245025 00
3.40618 0.0243433 00
3.41337 0.0241849 00
3.42056 0.0240273 00
3.42775 0.0238704 00
3.43494 0.0237144 00
3.44213 0.0235591 00
3.44932 0.0234046 00
3.45651 0.0232509 00
3.4637 0.023098 00
3.47089 0.0229458 00
3.47808 0.0227944 00
3.48527 0.0226438 00
3.49246 0.0224939 00
3.49965 0.0223448 00
3.50684 0.0221965 00
3.51403 0.0220489 00
3.52122 0.0219021 00
3.52841 0.0217561 00
3.5356 0.0216108 00
3.54279 0.0214662 00
3.54998 0.0213224 00
3.55717 0.0211794 00
3.56436 0.0210371 00
3.57155 0.0208955 00
3.57874 0.0207547 00
3.58593 0.0206146 00
3.59312 0.0204753 00
3.60031 0.0203367 00
3.6075 0.0201988 00
3.61469 0.0200617 00
3.62188 0.0199253 00
3.62907 0.0197896 00
3.63626 0.0196546 00
3.64345 0.0195204 00
3.65064 0.0193869 00
3.65783 0.0192541 00
3.66502 0.019122 00
3.67221 0.0189906 00
3.6794 0.01886 00
3.68659 0.01873 00
3.69378 0.0186008 00
3.70097 0.0184723 00
3.70816 0.0183444 00
3.71535 0.0182173 00
3.72254 0.0180909 00
3.72973 0.0179651 00
3.73692 0.0178401 00
3.74411 0.0177157 00
3.7513 0.017592 00
3.75849 0.0174691 00
3.76568 0.0173468 00
3.77287 0.0172251 00
3.78006 0.0171042 00
3.78725 0.0169839 00
3.79444 0.0168644 00
3.80163 0.0167454 00
3.80882 0.0166272 00
3.81601 0.0165096 00
3.8232 0.0163927 00
3.83039 0.0162765 00
3.83758 0.0161609 00
3.84477 0.0160459 00
3.85196 0.0159317 00
3.85915 0.015818 00
3.86634 0.0157051 00
3.87353 0.0155928 00
3.88072 0.0154811 00
3.88791 0.01537 00
3.8951 0.0152597 00
3.90229 0.0151499 00
3.90948 0.0150408 00
3.91667 0.0149323 00
3.92386 0.0148245 00
3.93105 0.0147172 00
3.93824 0.0146107 00
3.94543 0.0145047 00
3.95262 0.0143993 00
3.95981 0.0142946 00
3.967 0.0141905 00
3.97419 0.014087 00
3.98138 0.0139841 00
3.98857 0.0138819 00
3.99576 0.0137802 00
4.00295 0.0136792 00
4.01014 0.0135787 00
4.01733 0.0134789 00
4.02452 0.0133796 00
4.03171 0.013281 00
4.0389 0.0131829 00
4.04609 0.0130854 00
4.05328 0.0129886 00
4.06047 0.0128923 00
4.06766 0.0127966 00
4.07485 0.0127014 00
4.08204 0.0126069 00
4.08923 0.0125129 00
4.09642 0.0124195 00
4.10361 0.0123267 00
4.1108 0.0122344 00
4.11799 0.0121427 00
4.12518 0.0120516 00
4.13237 0.0119611 00
4.13956 0.0118711 00
4.14675 0.0117816 00
4.15394 0.0116927 00
4.16113 0.0116044 00
4.16832 0.0115166 00
4.17551 0.0114294 00
4.1827 0.0113427 00
4.18989 0.0112565 00
4.19708 0.0111709 00
4.20427 0.0110859 00
4.21146 0.0110013 00
4.21865 0.0109173 00
4.22584 0.0108339 00
4.23303 0.0107509 00
4.24022 0.0106685 00
4.24741 0.0105866 00
4.2546 0.0105053 00
4.26179 0.0104244 00
4.26898 0.0103441 00
4.27617 0.0102643 00
4.28336 0.010185 00
4.29055 0.0101062 00
4.29774 0.0100279 00
4.30493 0.00995014 00
4.31212 0.00987286 00
4.31931 0.00979609 00
4.3265 0.00971982 00
4.33369 0.00964404 00
4.34088 0.00956876 00
4.34807 0.00949396 00
4.35526 0.00941966 00
4.36245 0.00934584 00
4.36964 0.00927251 00
4.37683 0.00919966 00
4.38402 0.00912729 00
4.39121 0.00905539 00
4.3984 0.00898398 00
4.40559 0.00891303 00
4.41278 0.00884256 00
4.41997 0.00877255 00
4.42716 0.00870301 00
4.43435 0.00863393 00
4.44154 0.00856532 00
4.44873 0.00849716 00
4.45592 0.00842946 00
4.46311 0.00836222 00
4.4703 0.00829542 00
4.47749 0.00822908 00
4.48468 0.00816319 00
4.49187 0.00809774 00
4.49906 0.00803273 00
4.50625 0.00796817 00
4.51344 0.00790404 00
4.52063 0.00784035 00
4.52782 0.0077771 00
4.53501 0.00771427 00
4.5422 0.00765188 00
4.54939 0.00758991 00
4.55658 0.00752837 00
4.56377 0.00746726 00
4.57096 0.00740656 00
4.57815 0.00734628 00
4.58534 0.00728642 00
4.59253 0.00722698 00
4.59972 0.00716794 00
4.60691 0.00710932 00
4.6141 0.0070511 00
4.62129 0.00699329 00
4.62848 0.00693589 00
4.63567 0.00687888 00
4.64286 0.00682228 00
4.65005 0.00676607 00
4.65724 0.00671026 00
4.66443 0.00665484 00
4.67162 0.00659981 00
4.67881 0.00654517 00
4.686 0.00649091 00
4.69319 0.00643704 00
4.70038 0.00638355 00
4.70757 0.00633045 00
4.71476 0.00627772 00
4.72195 0.00622536 00
4.72914 0.00617339 00
4.73633 0.00612178 00
4.74352 0.00607054 00
4.75071 0.00601967 00
4.7579 0.00596917 00
4.76509 0.00591903 00
4.77228 0.00586925 00
4.77947 0.00581983 00
4.78666 0.00577077 00
4.79385 0.00572206 00
4.80104 0.00567371 00
4.80823 0.00562571 00
4.81542 0.00557806 00
4.82261 0.00553075 00
4.8298 0.0054838 00
4.83699 0.00543718 00
4.84418 0.00539091 00
4.85137 0.00534497 00
4.85856 0.00529938 00
4.86575 0.00525412 00
4.87294 0.00520919 00
4.88013 0.0051646 00
4.88732 0.00512033 00
4.89451 0.0050764 00
4.9017 0.00503278 00
4.90889 0.0049895 00
4.91608 0.00494653 00
4.92327 0.00490389 00
4.93046 0.00486156 00
4.93765 0.00481955 00
4.94484 0.00477786 00
4.95203 0.00473647 00
4.95922 0.0046954 00
4.96641 0.00465464 00
4.9736 0.00461418 00
4.98079 0.00457403 00
4.98798 0.00453419 00
4.99517 0.00449464 00
5.00236 0.00445539 00
5.00955 0.00441645 00
5.01674 0.00437779 00
5.02393 0.00433944 00
5.03112 0.00430137 00
5.03831 0.0042636 00
5.0455 0.00422611 00
5.05269 0.00418891 00
5.05988 0.004152 00
5.06707 0.00411537 00
5.07426 0.00407902 00
5.08145 0.00404295 00
5.08864 0.00400716 00
5.09583 0.00397165 00
5.10302 0.00393641 00
5.11021 0.00390145 00
5.1174 0.00386675 00
5.12459 0.00383233 00
5.13178 0.00379817 00
5.13897 0.00376428 00
5.14616 0.00373066 00
5.15335 0.00369729 00
5.16054 0.00366419 00
5.16773 0.00363135 00
5.17492 0.00359877 00
5.18211 0.00356644 00
5.1893 0.00353437 00
5.19649 0.00350255 00
5.20368 0.00347098 00
5.21087 0.00343966 00
5.21806 0.00340859 00
5.22525 0.00337776 00
5.23244 0.00334718 00
5.23963 0.00331684 00
5.24682 0.00328675 00
5.25401 0.00325689 00
5.2612 0.00322728 00
5.26839 0.0031979 00
5.27558 0.00316875 00
5.28277 0.00313984 00
5.28996 0.00311116 00
5.29715 0.00308271 00
5.30434 0.00305449 00
5.31153 0.0030265 00
5.31872 0.00299874 00
5.32591 0.0029712 00
5.3331 0.00294388 00
5.34029 0.00291678 00
5.34748 0.00288991 00
5.35467 0.00286325 00
5.36186 0.00283681 00
5.36905 0.00281059 00
5.37624 0.00278458 00
5.38343 0.00275878 00
5.39062 0.00273319 00
5.39781 0.00270782 00
5.405 0.00268265 00
5.41219 0.00265769 00
5.41938 0.00263293 00
5.42657 0.00260838 00
5.43376 0.00258403 00
5.44095 0.00255988 00
5.44814 0.00253594 00
5.45533 0.00251219 00
5.46252 0.00248864 00
5.46971 0.00246528 00
5.4769 0.00244212 00
5.48409 0.00241915 00
5.49128 0.00239637 00
5.49847 0.00237379 00
5.50566 0.00235139 00
5.51285 0.00232918 00
5.52004 0.00230716 00
5.52723 0.00228532 00
5.53442 0.00226366 00
5.54161 0.00224219 00
5.5488 0.0022209 00
5.55599 0.00219979 00
5.56318 0.00217886 00
5.57037 0.0021581 00
5.57756 0.00213752 00
5.58475 0.00211712 00
5.59194 0.00209689 00
5.59913 0.00207683 00
5.60632 0.00205694 00
5.61351 0.00203723 00
5.6207 0.00201768 00
5.62789 0.00199829 00
5.63508 0.00197908 00
5.64227 0.00196003 00
5.64946 0.00194114 00
5.65665 0.00192242 00
5.66384 0.00190385 00
5.67103 0.00188545 00
5.67822 0.0018672 00
5.68541 0.00184912 00
5.6926 0.00183119 00
5.69979 0.00181341 00
5.70698 0.00179579 00
5.71417 0.00177833 00
5.72136 0.00176101 00
5.72855 0.00174385 00
5.73574 0.00172683 00
5.74293 0.00170997 00
5.75012 0.00169325 00
5.75731 0.00167668 00
5.7645 0.00166025 00
5.77169 0.00164397 00
5.77888 0.00162783 00
5.78607 0.00161183 00
5.79326 0.00159598 00
5.80045 0.00158026 00
5.80764 0.00156469 00
5.81483 0.00154925 00
5.82202 0.00153395 00
5.82921 0.00151878 00
5.8364 0.00150375 00
5.84359 0.00148885 00
5.85078 0.00147408 00
5.85797 0.00145945 00
5.86516 0.00144495 00
5.87235 0.00143057 00
5.87954 0.00141633 00
5.88673 0.00140221 00
5.89392 0.00138822 00
5.90111 0.00137435 00
5.9083 0.00136061 00
5.91549 0.001347 00
5.92268 0.0013335 00
5.92987 0.00132013 00
5.93706 0.00130688 00
5.94425 0.00129375 00
5.95144 0.00128074 00
5.95863 0.00126784 00
5.96582 0.00125506 00
5.97301 0.0012424 00
5.9802 0.00122986 00
5.98739 0.00121742 00
5.99458 0.00120511 00
6.00177 0.0011929 00
6.00896 0.00118081 00
6.01615 0.00116882 00
6.02334 0.00115695 00
6.03053 0.00114519 00
6.03772 0.00113353 00
6.04491 0.00112198 00
6.0521 0.00111054 00
6.05929 0.0010992 00
6.06648 0.00108797 00
6.07367 0.00107684 00
6.08086 0.00106582 00
6.08805 0.00105489 00
6.09524 0.00104407 00
6.10243 0.00103335 00
6.10962 0.00102273 00
6.11681 0.0010122 00
6.124 0.00100178 00
6.13119 0.000991452 00
6.13838 0.000981222 00
6.14557 0.000971086 00
6.15276 0.000961046 00
6.15995 0.0009511 00
6.16714 0.000941248 00
6.17433 0.000931488 00
6.18152 0.00092182 00
6.18871 0.000912243 00
6.1959 0.000902756 00
6.20309 0.000893359 00
6.21028 0.000884051 00
6.21747 0.00087483 00
6.22466 0.000865698 00
6.23185 0.000856652 00
6.23904 0.000847691 00
6.24623 0.000838816 00
6.25342 0.000830026 00
6.26061 0.000821319 00
6.2678 0.000812696 00
6.27499 0.000804154 00
6.28218 0.000795695 00
6.28937 0.000787316 00
6.29656 0.000779018 00
6.30375 0.0007708 00
6.31094 0.00076266 00
6.31813 0.000754599 00
6.32532 0.000746615 00
6.33251 0.000738709 00
6.3397 0.000730878 00
6.34689 0.000723124 00
6.35408 0.000715444 00
6.36127 0.000707839 00
6.36846 0.000700307 00
6.37565 0.000692849 00
6.38284 0.000685463 00
6.39003 0.000678149 00
6.39722 0.000670906 00
6.40441 0.000663734 00
6.4116 0.000656632 00
6.41879 0.000649599 00
6.42598 0.000642635 00
6.43317 0.000635739 00
6.44036 0.000628911 00
6.44755 0.00062215 00
6.45474 0.000615455 00
6.46193 0.000608826 00
6.46912 0.000602263 00
6.47631 0.000595764 00
6.4835 0.000589329 00
6.49069 0.000582958 00
6.49788 0.00057665 00
6.50507 0.000570404 00
6.51226 0.000564221 00
6.51945 0.000558098 00
6.52664 0.000552037 00
6.53383 0.000546036 00
6.54102 0.000540094 00
6.54821 0.000534212 00
6.5554 0.000528389 00
6.56259 0.000522623 00
6.56978 0.000516916 00
6.57697 0.000511265 00
6.58416 0.000505671 00
6.59135 0.000500134 00
6.59854 0.000494652 00
6.60573 0.000489225 00
6.61292 0.000483852 00
6.62011 0.000478534 00
6.6273 0.00047327 00
6.63449 0.000468058 00
6.64168 0.0004629 00
6.64887 0.000457793 00
6.65606 0.000452738 00
6.66325 0.000447735 00
6.67044 0.000442782 00
6.67763 0.00043788 00
6.68482 0.000433028 00
6.69201 0.000428225 00
6.6992 0.000423471 00
6.70639 0.000418765 00
6.71358 0.000414108 00
6.72077 0.000409498 00
6.72796 0.000404936 00
6.73515 0.00040042 00
6.74234 0.00039595 00
6.74953 0.000391527 00
6.75672 0.000387149 00
6.76391 0.000382816 00
6.7711 0.000378528 00
6.77829 0.000374284 00
6.78548 0.000370083 00
6.79267 0.000365927 00
6.79986 0.000361813 00
6.80705 0.000357742 00
6.81424 0.000353713 00
6.82143 0.000349726 00
6.82862 0.00034578 00
6.83581 0.000341875 00
6.843 0.000338011 00
6.85019 0.000334188 00
6.85738 0.000330404 00
6.86457 0.00032666 00
6.87176 0.000322954 00
6.87895 0.000319288 00
6.88614 0.00031566 00
6.89333 0.00031207 00
6.90052 0.000308518 00
6.90771 0.000305004 00
6.9149 0.000301526 00
6.92209 0.000298085 00
6.92928 0.00029468 00
6.93647 0.000291311 00
6.94366 0.000287977 00
6.95085 0.000284679 00
6.95804 0.000281416 00
6.96523 0.000278187 00
6.97242 0.000274993 00
6.97961 0.000271833 00
6.9868 0.000268706 00
6.99399 0.000265612 00
7.00118 0.000262552 00
7.00837 0.000259524 00
7.01556 0.000256528 00
7.02275 0.000253564 00
7.02994 0.000250632 00
7.03713 0.000247732 00
7.04432 0.000244862 00
7.05151 0.000242024 00
7.0587 0.000239215 00
7.06589 0.000236437 00
7.07308 0.000233689 00
7.08027 0.000230971 00
7.08746 0.000228282 00
7.09465 0.000225621 00
7.10184 0.00022299 00
7.10903 0.000220387 00
7.11622 0.000217812 00
7.12341 0.000215265 00
7.1306 0.000212746 00
7.13779 0.000210254 00
7.14498 0.000207789 00
7.15217 0.000205351 00
7.15936 0.000202939 00
7.16655 0.000200554 00
7.17374 0.000198195 00
7.18093 0.000195861 00
7.18812 0.000193554 00
7.19531 0.000191271 00
7.2025 0.000189013 00
7.20969 0.00018678 00
7.21688 0.000184572 00
7.22407 0.000182388 00
7.23126 0.000180228 00
7.23845 0.000178091 00
7.24564 0.000175978 00
7.25283 0.000173889 00
7.26002 0.000171822 00
7.26721 0.000169779 00
7.2744 0.000167758 00
7.28159 0.000165759 00
7.28878 0.000163783 00
7.29597 0.000161828 00
7.30316 0.000159895 00
7.31035 0.000157984 00
7.31754 0.000156094 00
7.32473 0.000154225 00
7.33192 0.000152377 00
7.33911 0.000150549 00
7.3463 0.000148742 00
7.35349 0.000146955 00
7.36068 0.000145188 00
7.36787 0.000143441 00
7.37506 0.000141713 00
7.38225 0.000140005 00
7.38944 0.000138316 00
7.39663 0.000136646 00
7.40382 0.000134994 00
7.41101 0.000133362 00
7.4182 0.000131748 00
7.42539 0.000130152 00
7.43258 0.000128574 00
7.43977 0.000127013 00
7.44696 0.000125471 00
7.45415 0.000123946 00
7.46134 0.000122438 00
7.46853 0.000120948 00
7.47572 0.000119474 00
7.48291 0.000118017 00
7.4901 0.000116577 00
7.49729 0.000115153 00
7.50448 0.000113745 00
7.51167 0.000112354 00
7.51886 0.000110978 00
7.52605 0.000109618 00
7.53324 0.000108273 00
7.54043 0.000106944 00
7.54762 0.000105631 00
7.55481 0.000104332 00
7.562 0.000103048 00
7.56919 0.000101779 00
7.57638 0.000100525 00
7.58357 9.92849e-05 00
7.59076 9.80593e-05 00
7.59795 9.68478e-05 00
7.60514 9.56503e-05 00
7.61233 9.44667e-05 00
7.61952 9.32967e-05 00
7.62671 9.21404e-05 00
7.6339 9.09974e-05 00
7.64109 8.98677e-05 00
7.64828 8.87511e-05 00
7.65547 8.76475e-05 00
7.66266 8.65567e-05 00
7.66985 8.54787e-05 00
7.67704 8.44132e-05 00
7.68423 8.33602e-05 00
7.69142 8.23194e-05 00
7.69861 8.12909e-05 00
7.7058 8.02743e-05 00
7.71299 7.92697e-05 00
7.72018 7.82768e-05 00
7.72737 7.72956e-05 00
7.73456 7.6326e-05 00
7.74175 7.53677e-05 00
7.74894 7.44207e-05 00
7.75613 7.34849e-05 00
7.76332 7.25601e-05 00
7.77051 7.16462e-05 00
7.7777 7.07431e-05 00
7.78489 6.98506e-05 00
7.79208 6.89688e-05 00
7.79927 6.80973e-05 00
7.80646 6.72362e-05 00
7.81365 6.63854e-05 00
7.82084 6.55446e-05 00
7.82803 6.47138e-05 00
7.83522 6.38929e-05 00
7.84241 6.30818e-05 00
7.8496 6.22803e-05 00
7.85679 6.14884e-05 00
7.86398 6.07059e-05 00
7.87117 5.99328e-05 00
7.87836 5.9169e-05 00
7.88555 5.84142e-05 00
7.89274 5.76686e-05 00
7.89993 5.69318e-05 00
7.90712 5.62039e-05 00
7.91431 5.54848e-05 00
7.9215 5.47743e-05 00
7.92869 5.40723e-05 00
7.93588 5.33789e-05 00
7.94307 5.26937e-05 00
7.95026 5.20168e-05 00
7.95745 5.13481e-05 00
7.96464 5.06875e-05 00
7.97183 5.00349e-05 00
7.97902 4.93902e-05 00
7.98621 4.87533e-05 00
7.9934 4.81241e-05 00
8.00059 4.75026e-05 00
8.00778 4.68886e-05 00
8.01497 4.6282e-05 00
8.02216 4.56829e-05 00
8.02935 4.5091e-05 00
8.03654 4.45064e-05 00
8.04373 4.39289e-05 00
8.05092 4.33585e-05 00
8.05811 4.2795e-05 00
8.0653 4.22384e-05 00
8.07249 4.16887e-05 00
8.07968 4.11457e-05 00
8.08687 4.06093e-05 00
8.09406 4.00795e-05 00
8.10125 3.95563e-05 00
8.10844 3.90394e-05 00
8.11563 3.8529e-05 00
8.12282 3.80248e-05 00
8.13001 3.75268e-05 00
8.1372 3.7035e-05 00
8.14439 3.65493e-05 00
8.15158 3.60695e-05 00
8.15877 3.55957e-05 00
8.16596 3.51278e-05 00
8.17315 3.46657e-05 00
8.18034 3.42093e-05 00
8.18753 3.37586e-05 00
8.19472 3.33134e-05 00
8.20191 3.28738e-05 00
8.2091 3.24397e-05 00
8.21629 3.2011e-05 00
8.22348 3.15876e-05 00
8.23067 3.11695e-05 00
8.23786 3.07567e-05 00
8.24505 3.0349e-05 00
8.25224 2.99464e-05 00
8.25943 2.95488e-05 00
8.26662 2.91562e-05 00
8.27381 2.87686e-05 00
8.281 2.83858e-05 00
8.28819 2.80078e-05 00
8.29538 2.76346e-05 00
8.30257 2.7266e-05 00
8.30976 2.69021e-05 00
8.31695 2.65428e-05 00
8.32414 2.61881e-05 00
8.33133 2.58378e-05 00
8.33852 2.54919e-05 00
8.34571 2.51504e-05 00
8.3529 2.48133e-05 00
8.36009 2.44804e-05 00
8.36728 2.41517e-05 00
8.37447 2.38272e-05 00
8.38166 2.35068e-05 00
8.38885 2.31905e-05 00
8.39604 2.28782e-05 00
8.40323 2.25699e-05 00
8.41042 2.22655e-05 00
8.41761 2.19651e-05 00
8.4248 2.16684e-05 00
8.43199 2.13755e-05 00
8.43918 2.10864e-05 00
8.44637 2.0801e-05 00
8.45356 2.05192e-05 00
8.46075 2.0241e-05 00
8.46794 1.99665e-05 00
8.47513 1.96954e-05 00
8.48232 1.94278e-05 00
8.48951 1.91637e-05 00
8.4967 1.89029e-05 00
8.50389 1.86455e-05 00
8.51108 1.83915e-05 00
8.51827 1.81407e-05 00
8.52546 1.78931e-05 00
8.53265 1.76488e-05 00
8.53984 1.74076e-05 00
8.54703 1.71695e-05 00
8.55422 1.69345e-05 00
8.56141 1.67026e-05 00
8.5686 1.64737e-05 00
8.57579 1.62477e-05 00
8.58298 1.60247e-05 00
8.59017 1.58046e-05 00
8.59736 1.55873e-05 00
8.60455 1.53729e-05 00
8.61174 1.51613e-05 00
8.61893 1.49524e-05 00
8.62612 1.47463e-05 00
8.63331 1.45429e-05 00
8.6405 1.43421e-05 00
8.64769 1.41439e-05 00
8.65488 1.39484e-05 00
8.66207 1.37554e-05 00
8.66926 1.35649e-05 00
8.67645 1.3377e-05 00
8.68364 1.31915e-05 00
8.69083 1.30084e-05 00
8.69802 1.28278e-05 00
8.70521 1.26495e-05 00
8.7124 1.24736e-05 00
8.71959 1.23e-05 00
8.72678 1.21288e-05 00
8.73397 1.19597e-05 00
8.74116 1.17929e-05 00
8.74835 1.16283e-05 00
8.75554 1.14659e-05 00
8.76273 1.13057e-05 00
8.76992 1.11476e-05 00
8.77711 1.09915e-05 00
8.7843 1.08376e-05 00
8.79149 1.06857e-05 00
8.79868 1.05358e-05 00
8.80587 1.03879e-05 00
8.81306 1.0242e-05 00
8.82025 1.00981e-05 00
8.82744 9.95602e-06 00
8.83463 9.81588e-06 00
8.84182 9.67761e-06 00
8.84901 9.5412e-06 00
8.8562 9.40661e-06 00
8.86339 9.27382e-06 00
8.87058 9.14282e-06 00
8.87777 9.01357e-06 00
8.88496 8.88607e-06 00
8.89215 8.76027e-06 00
8.89934 8.63617e-06 00
8.90653 8.51375e-06 00
8.91372 8.39297e-06 00
8.92091 8.27382e-06 00
8.9281 8.15628e-06 00
8.93529 8.04033e-06 00
8.94248 7.92595e-06 00
8.94967 7.81311e-06 00
8.95686 7.70181e-06 00
8.96405 7.59201e-06 00
8.97124 7.4837e-06 00
8.97843 7.37686e-06 00
8.98562 7.27148e-06 00
8.99281 7.16752e-06 00
