1.81 0.769163 00
1.81719 0.766458 00
1.82438 0.763754 00
1.83157 0.761054 00
1.83876 0.758355 00
1.84595 0.755659 00
1.85314 0.752966 00
1.86033 0.750275 00
1.86752 0.747587 00
1.87471 0.744901 00
1.8819 0.742218 00
1.88909 0.739538 00
1.89628 0.73686 00
1.90347 0.734186 00
1.91066 0.731514 00
1.91785 0.728845 00
1.92504 0.726178 00
1.93223 0.723515 00
1.93942 0.720855 00
1.94661 0.718198 00
1.9538 0.715544 00
1.96099 0.712893 00
1.96818 0.710245 00
1.97537 0.7076 00
1.98256 0.704959 00
1.98975 0.70232 00
1.99694 0.699685 00
2.00413 0.697054 00
2.01132 0.694425 00
2.01851 0.691801 00
2.0257 0.689179 00
2.03289 0.686561 00
2.04008 0.683947 00
2.04727 0.681336 00
2.05446 0.678728 00
2.06165 0.676125 00
2.06884 0.673525 00
2.07603 0.670928 00
2.08322 0.668336 00
2.09041 0.665747 00
2.0976 0.663162 00
2.10479 0.66058 00
2.11198 0.658003 00
2.11917 0.655429 00
2.12636 0.65286 00
2.13355 0.650294 00
2.14074 0.647733 00
2.14793 0.645175 00
2.15512 0.642621 00
2.16231 0.640072 00
2.1695 0.637526 00
2.17669 0.634985 00
2.18388 0.632448 00
2.19107 0.629915 00
2.19826 0.627387 00
2.20545 0.624862 00
2.21264 0.622342 00
2.21983 0.619826 00
2.22702 0.617315 00
2.23421 0.614808 00
2.2414 0.612306 00
2.24859 0.609808 00
2.25578 0.607314 00
2.26297 0.604825 00
2.27016 0.60234 00
2.27735 0.59986 00
2.28454 0.597385 00
2.29173 0.594914 00
2.29892 0.592448 00
2.30611 0.589986 00
2.3133 0.58753 00
2.32049 0.585078 00
2.32768 0.58263 00
2.33487 0.580188 00
2.34206 0.57775 00
2.34925 0.575317 00
2.35644 0.572889 00
2.36363 0.570466 00
2.37082 0.568048 00
2.37801 0.565634 00
2.3852 0.563226 00
2.39239 0.560823 00
2.39958 0.558424 00
2.40677 0.556031 00
2.41396 0.553642 00
2.42115 0.551259 00
2.42834 0.548881 00
2.43553 0.546508 00
2.44272 0.54414 00
2.44991 0.541777 00
2.4571 0.53942 00
2.46429 0.537067 00
2.47148 0.53472 00
2.47867 0.532378 00
2.48586 0.530042 00
2.49305 0.527711 00
2.50024 0.525385 00
2.50743 0.523064 00
2.51462 0.520749 00
2.52181 0.518439 00
2.529 0.516134 00
2.53619 0.513835 00
2.54338 0.511541 00
2.55057 0.509253 00
2.55776 0.50697 00
2.56495 0.504693 00
2.57214 0.502421 00
2.57933 0.500155 00
2.58652 0.497894 00
2.59371 0.495639 00
2.6009 0.493389 00
2.60809 0.491145 00
2.61528 0.488907 00
2.62247 0.486674 00
2.62966 0.484447 00
2.63685 0.482225 00
2.64404 0.480009 00
2.65123 0.477799 00
2.65842 0.475595 00
2.66561 0.473396 00
2.6728 0.471203 00
2.67999 0.469016 00
2.68718 0.466834 00
2.69437 0.464658 00
2.70156 0.462489 00
2.70875 0.460324 00
2.71594 0.458166 00
2.72313 0.456014 00
2.73032 0.453867 00
2.73751 0.451726 00
2.7447 0.449591 00
2.75189 0.447462 00
2.75908 0.445339 00
2.76627 0.443222 00
2.77346 0.44111 00
2.78065 0.439005 00
2.78784 0.436906 00
2.79503 0.434812 00
2.80222 0.432724 00
2.80941 0.430643 00
2.8166 0.428567 00
2.82379 0.426498 00
2.83098 0.424434 00
2.83817 0.422376 00
2.84536 0.420325 00
2.85255 0.418279 00
2.85974 0.41624 00
2.86693 0.414206 00
2.87412 0.412179 00
2.88131 0.410158 00
2.8885 0.408142 00
2.89569 0.406133 00
2.90288 0.40413 00
2.91007 0.402133 00
2.91726 0.400142 00
2.92445 0.398157 00
2.93164 0.396179 00
2.93883 0.394206 00
2.94602 0.39224 00
2.95321 0.390279 00
2.9604 0.388325 00
2.96759 0.386377 00
2.97478 0.384435 00
2.98197 0.3825 00
2.98916 0.38057 00
2.99635 0.378647 00
3.00354 0.37673 00
3.01073 0.374819 00
3.01792 0.372914 00
3.02511 0.371015 00
3.0323 0.369123 00
3.03949 0.367237 00
3.04668 0.365357 00
3.05387 0.363483 00
3.06106 0.361615 00
3.06825 0.359754 00
3.07544 0.357899 00
3.08263 0.35605 00
3.08982 0.354207 00
3.09701 0.35237 00
3.1042 0.35054 00
3.11139 0.348716 00
3.11858 0.346898 00
3.12577 0.345086 00
3.13296 0.343281 00
3.14015 0.341482 00
3.14734 0.339689 00
3.15453 0.337902 00
3.16172 0.336122 00
3.16891 0.334348 00
3.1761 0.33258 00
3.18329 0.330818 00
3.19048 0.329062 00
3.19767 0.327313 00
3.20486 0.32557 00
3.21205 0.323833 00
3.21924 0.322103 00
3.22643 0.320378 00
3.23362 0.31866 00
3.24081 0.316948 00
3.248 0.315243 00
3.25519 0.313543 00
3.26238 0.31185 00
3.26957 0.310163 00
3.27676 0.308483 00
3.28395 0.306808 00
3.29114 0.30514 00
3.29833 0.303478 00
3.30552 0.301822 00
3.31271 0.300172 00
3.3199 0.298529 00
3.32709 0.296891 00
3.33428 0.29526 00
3.34147 0.293636 00
3.34866 0.292017 00
3.35585 0.290404 00
3.36304 0.288798 00
3.37023 0.287198 00
3.37742 0.285604 00
3.38461 0.284016 00
3.3918 0.282435 00
3.39899 0.28086 00
3.40618 0.27929 00
3.41337 0.277727 00
3.42056 0.27617 00
3.42775 0.274619 00
3.43494 0.273075 00
3.44213 0.271536 00
3.44932 0.270004 00
3.45651 0.268478 00
3.4637 0.266957 00
3.47089 0.265443 00
3.47808 0.263935 00
3.48527 0.262434 00
3.49246 0.260938 00
3.49965 0.259448 00
3.50684 0.257965 00
3.51403 0.256487 00
3.52122 0.255016 00
3.52841 0.25355 00
3.5356 0.252091 00
3.54279 0.250638 00
3.54998 0.24919 00
3.55717 0.247749 00
3.56436 0.246314 00
3.57155 0.244885 00
3.57874 0.243461 00
3.58593 0.242044 00
3.59312 0.240633 00
3.60031 0.239228 00
3.6075 0.237828 00
3.61469 0.236435 00
3.62188 0.235048 00
3.62907 0.233666 00
3.63626 0.232291 00
3.64345 0.230921 00
3.65064 0.229557 00
3.65783 0.2282 00
3.66502 0.226848 00
3.67221 0.225502 00
3.6794 0.224162 00
3.68659 0.222827 00
3.69378 0.221499 00
3.70097 0.220177 00
3.70816 0.21886 00
3.71535 0.217549 00
3.72254 0.216244 00
3.72973 0.214945 00
3.73692 0.213651 00
3.74411 0.212364 00
3.7513 0.211082 00
3.75849 0.209806 00
3.76568 0.208535 00
3.77287 0.207271 00
3.78006 0.206012 00
3.78725 0.204758 00
3.79444 0.203511 00
3.80163 0.202269 00
3.80882 0.201033 00
3.81601 0.199803 00
3.8232 0.198578 00
3.83039 0.197359 00
3.83758 0.196145 00
3.84477 0.194938 00
3.85196 0.193735 00
3.85915 0.192539 00
3.86634 0.191348 00
3.87353 0.190162 00
3.88072 0.188982 00
3.88791 0.187808 00
3.8951 0.186639 00
3.90229 0.185476 00
3.90948 0.184318 00
3.91667 0.183166 00
3.92386 0.182019 00
3.93105 0.180878 00
3.93824 0.179742 00
3.94543 0.178612 00
3.95262 0.177487 00
3.95981 0.176367 00
3.967 0.175253 00
3.97419 0.174145 00
3.98138 0.173041 00
3.98857 0.171944 00
3.99576 0.170851 00
4.00295 0.169764 00
4.01014 0.168682 00
4.01733 0.167605 00
4.02452 0.166534 00
4.03171 0.165468 00
4.0389 0.164407 00
4.04609 0.163352 00
4.05328 0.162302 00
4.06047 0.161257 00
4.06766 0.160217 00
4.07485 0.159183 00
4.08204 0.158153 00
4.08923 0.157129 00
4.09642 0.15611 00
4.10361 0.155096 00
4.1108 0.154087 00
4.11799 0.153084 00
4.12518 0.152085 00
4.13237 0.151092 00
4.13956 0.150104 00
4.14675 0.14912 00
4.15394 0.148142 00
4.16113 0.147169 00
4.16832 0.146201 00
4.17551 0.145238 00
4.1827 0.14428 00
4.18989 0.143326 00
4.19708 0.142378 00
4.20427 0.141435 00
4.21146 0.140496 00
4.21865 0.139563 00
4.22584 0.138634 00
4.23303 0.137711 00
4.24022 0.136792 00
4.24741 0.135878 00
4.2546 0.134969 00
4.26179 0.134065 00
4.26898 0.133165 00
4.27617 0.13227 00
4.28336 0.131381 00
4.29055 0.130495 00
4.29774 0.129615 00
4.30493 0.128739 00
4.31212 0.127868 00
4.31931 0.127002 00
4.3265 0.12614 00
4.33369 0.125283 00
4.34088 0.124431 00
4.34807 0.123584 00
4.35526 0.12274 00
4.36245 0.121902 00
4.36964 0.121068 00
4.37683 0.120239 00
4.38402 0.119414 00
4.39121 0.118594 00
4.3984 0.117778 00
4.40559 0.116967 00
4.41278 0.116161 00
4.41997 0.115358 00
4.42716 0.114561 00
4.43435 0.113768 00
4.44154 0.112979 00
4.44873 0.112194 00
4.45592 0.111414 00
4.46311 0.110639 00
4.4703 0.109867 00
4.47749 0.1091 00
4.48468 0.108338 00
4.49187 0.10758 00
4.49906 0.106826 00
4.50625 0.106076 00
4.51344 0.105331 00
4.52063 0.104589 00
4.52782 0.103853 00
4.53501 0.10312 00
4.5422 0.102391 00
4.54939 0.101667 00
4.55658 0.100947 00
4.56377 0.100231 00
4.57096 0.0995191 00
4.57815 0.0988114 00
4.58534 0.0981079 00
4.59253 0.0974084 00
4.59972 0.0967129 00
4.60691 0.0960216 00
4.6141 0.0953343 00
4.62129 0.094651 00
4.62848 0.0939717 00
4.63567 0.0932965 00
4.64286 0.0926252 00
4.65005 0.0919578 00
4.65724 0.0912945 00
4.66443 0.090635 00
4.67162 0.0899795 00
4.67881 0.0893279 00
4.686 0.0886801 00
4.69319 0.0880363 00
4.70038 0.0873962 00
4.70757 0.0867601 00
4.71476 0.0861277 00
4.72195 0.0854991 00
4.72914 0.0848744 00
4.73633 0.0842534 00
4.74352 0.0836361 00
4.75071 0.0830226 00
4.7579 0.0824129 00
4.76509 0.0818068 00
4.77228 0.0812044 00
4.77947 0.0806057 00
4.78666 0.0800107 00
4.79385 0.0794193 00
4.80104 0.0788315 00
4.80823 0.0782474 00
4.81542 0.0776668 00
4.82261 0.0770899 00
4.8298 0.0765165 00
4.83699 0.0759466 00
4.84418 0.0753803 00
4.85137 0.0748175 00
4.85856 0.0742582 00
4.86575 0.0737024 00
4.87294 0.0731501 00
4.88013 0.0726012 00
4.88732 0.0720558 00
4.89451 0.0715138 00
4.9017 0.0709751 00
4.90889 0.0704399 00
4.91608 0.0699081 00
4.92327 0.0693796 00
4.93046 0.0688545 00
4.93765 0.0683327 00
4.94484 0.0678143 00
4.95203 0.0672991 00
4.95922 0.0667872 00
4.96641 0.0662786 00
4.9736 0.0657732 00
4.98079 0.0652711 00
4.98798 0.0647722 00
4.99517 0.0642765 00
5.00236 0.063784 00
5.00955 0.0632947 00
5.01674 0.0628085 00
5.02393 0.0623255 00
5.03112 0.0618456 00
5.03831 0.0613689 00
5.0455 0.0608952 00
5.05269 0.0604247 00
5.05988 0.0599572 00
5.06707 0.0594927 00
5.07426 0.0590313 00
5.08145 0.0585729 00
5.08864 0.0581176 00
5.09583 0.0576652 00
5.10302 0.0572158 00
5.11021 0.0567694 00
5.1174 0.056326 00
5.12459 0.0558855 00
5.13178 0.0554479 00
5.13897 0.0550132 00
5.14616 0.0545814 00
5.15335 0.0541525 00
5.16054 0.0537264 00
5.16773 0.0533032 00
5.17492 0.0528829 00
5.18211 0.0524653 00
5.1893 0.0520506 00
5.19649 0.0516387 00
5.20368 0.0512295 00
5.21087 0.0508231 00
5.21806 0.0504194 00
5.22525 0.0500185 00
5.23244 0.0496203 00
5.23963 0.0492248 00
5.24682 0.0488321 00
5.25401 0.0484419 00
5.2612 0.0480545 00
5.26839 0.0476697 00
5.27558 0.0472875 00
5.28277 0.046908 00
5.28996 0.0465311 00
5.29715 0.0461567 00
5.30434 0.045785 00
5.31153 0.0454158 00
5.31872 0.0450491 00
5.32591 0.044685 00
5.3331 0.0443235 00
5.34029 0.0439644 00
5.34748 0.0436078 00
5.35467 0.0432538 00
5.36186 0.0429022 00
5.36905 0.042553 00
5.37624 0.0422063 00
5.38343 0.041862 00
5.39062 0.0415202 00
5.39781 0.0411807 00
5.405 0.0408437 00
5.41219 0.040509 00
5.41938 0.0401767 00
5.42657 0.0398467 00
5.43376 0.0395191 00
5.44095 0.0391938 00
5.44814 0.0388708 00
5.45533 0.0385501 00
5.46252 0.0382317 00
5.46971 0.0379155 00
5.4769 0.0376017 00
5.48409 0.0372901 00
5.49128 0.0369807 00
5.49847 0.0366735 00
5.50566 0.0363685 00
5.51285 0.0360658 00
5.52004 0.0357652 00
5.52723 0.0354668 00
5.53442 0.0351705 00
5.54161 0.0348764 00
5.5488 0.0345845 00
5.55599 0.0342946 00
5.56318 0.0340069 00
5.57037 0.0337212 00
5.57756 0.0334377 00
5.58475 0.0331562 00
5.59194 0.0328768 00
5.59913 0.0325994 00
5.60632 0.0323241 00
5.61351 0.0320507 00
5.6207 0.0317794 00
5.62789 0.0315101 00
5.63508 0.0312428 00
5.64227 0.0309775 00
5.64946 0.0307141 00
5.65665 0.0304527 00
5.66384 0.0301932 00
5.67103 0.0299357 00
5.67822 0.02968 00
5.68541 0.0294263 00
5.6926 0.0291745 00
5.69979 0.0289245 00
5.70698 0.0286764 00
5.71417 0.0284302 00
5.72136 0.0281859 00
5.72855 0.0279433 00
5.73574 0.0277026 00
5.74293 0.0274637 00
5.75012 0.0272266 00
5.75731 0.0269913 00
5.7645 0.0267578 00
5.77169 0.0265261 00
5.77888 0.0262961 00
5.78607 0.0260679 00
5.79326 0.0258414 00
5.80045 0.0256166 00
5.80764 0.0253936 00
5.81483 0.0251722 00
5.82202 0.0249526 00
5.82921 0.0247346 00
5.8364 0.0245183 00
5.84359 0.0243037 00
5.85078 0.0240907 00
5.85797 0.0238793 00
5.86516 0.0236696 00
5.87235 0.0234616 00
5.87954 0.0232551 00
5.88673 0.0230502 00
5.89392 0.0228469 00
5.90111 0.0226452 00
5.9083 0.0224451 00
5.91549 0.0222465 00
5.92268 0.0220495 00
5.92987 0.021854 00
5.93706 0.02166 00
5.94425 0.0214676 00
5.95144 0.0212767 00
5.95863 0.0210872 00
5.96582 0.0208993 00
5.97301 0.0207128 00
5.9802 0.0205278 00
5.98739 0.0203443 00
5.99458 0.0201622 00
6.00177 0.0199816 00
6.00896 0.0198024 00
6.01615 0.0196246 00
6.02334 0.0194482 00
6.03053 0.0192733 00
6.03772 0.0190997 00
6.04491 0.0189275 00
6.0521 0.0187567 00
6.05929 0.0185873 00
6.06648 0.0184192 00
6.07367 0.0182525 00
6.08086 0.0180871 00
6.08805 0.017923 00
6.09524 0.0177602 00
6.10243 0.0175988 00
6.10962 0.0174387 00
6.11681 0.0172798 00
6.124 0.0171223 00
6.13119 0.016966 00
6.13838 0.016811 00
6.14557 0.0166573 00
6.15276 0.0165048 00
6.15995 0.0163535 00
6.16714 0.0162035 00
6.17433 0.0160547 00
6.18152 0.0159071 00
6.18871 0.0157607 00
6.1959 0.0156156 00
6.20309 0.0154716 00
6.21028 0.0153288 00
6.21747 0.0151872 00
6.22466 0.0150467 00
6.23185 0.0149074 00
6.23904 0.0147693 00
6.24623 0.0146323 00
6.25342 0.0144964 00
6.26061 0.0143617 00
6.2678 0.0142281 00
6.27499 0.0140956 00
6.28218 0.0139641 00
6.28937 0.0138338 00
6.29656 0.0137046 00
6.30375 0.0135765 00
6.31094 0.0134494 00
6.31813 0.0133234 00
6.32532 0.0131984 00
6.33251 0.0130745 00
6.3397 0.0129516 00
6.34689 0.0128298 00
6.35408 0.012709 00
6.36127 0.0125892 00
6.36846 0.0124704 00
6.37565 0.0123527 00
6.38284 0.0122359 00
6.39003 0.0121201 00
6.39722 0.0120053 00
6.40441 0.0118915 00
6.4116 0.0117786 00
6.41879 0.0116668 00
6.42598 0.0115558 00
6.43317 0.0114458 00
6.44036 0.0113368 00
6.44755 0.0112286 00
6.45474 0.0111215 00
6.46193 0.0110152 00
6.46912 0.0109098 00
6.47631 0.0108054 00
6.4835 0.0107018 00
6.49069 0.0105991 00
6.49788 0.0104974 00
6.50507 0.0103965 00
6.51226 0.0102965 00
6.51945 0.0101973 00
6.52664 0.010099 00
6.53383 0.0100016 00
6.54102 0.00990495 00
6.54821 0.0098092 00
6.5554 0.00971428 00
6.56259 0.00962018 00
6.56978 0.00952691 00
6.57697 0.00943445 00
6.58416 0.00934281 00
6.59135 0.00925196 00
6.59854 0.00916192 00
6.60573 0.00907266 00
6.61292 0.00898419 00
6.62011 0.0088965 00
6.6273 0.00880958 00
6.63449 0.00872343 00
6.64168 0.00863804 00
6.64887 0.0085534 00
6.65606 0.00846951 00
6.66325 0.00838637 00
6.67044 0.00830397 00
6.67763 0.0082223 00
6.68482 0.00814135 00
6.69201 0.00806113 00
6.6992 0.00798162 00
6.70639 0.00790282 00
6.71358 0.00782473 00
6.72077 0.00774733 00
6.72796 0.00767063 00
6.73515 0.00759462 00
6.74234 0.00751929 00
6.74953 0.00744463 00
6.75672 0.00737065 00
6.76391 0.00729733 00
6.7711 0.00722468 00
6.77829 0.00715268 00
6.78548 0.00708133 00
6.79267 0.00701063 00
6.79986 0.00694057 00
6.80705 0.00687114 00
6.81424 0.00680235 00
6.82143 0.00673418 00
6.82862 0.00666663 00
6.83581 0.00659969 00
6.843 0.00653337 00
6.85019 0.00646765 00
6.85738 0.00640254 00
6.86457 0.00633802 00
6.87176 0.00627409 00
6.87895 0.00621074 00
6.88614 0.00614798 00
6.89333 0.0060858 00
6.90052 0.00602418 00
6.90771 0.00596314 00
6.9149 0.00590266 00
6.92209 0.00584273 00
6.92928 0.00578336 00
6.93647 0.00572454 00
6.94366 0.00566627 00
6.95085 0.00560853 00
6.95804 0.00555134 00
6.96523 0.00549467 00
6.97242 0.00543853 00
6.97961 0.00538291 00
6.9868 0.00532781 00
6.99399 0.00527323 00
7.00118 0.00521916 00
7.00837 0.00516559 00
7.01556 0.00511252 00
7.02275 0.00505995 00
7.02994 0.00500788 00
7.03713 0.00495629 00
7.04432 0.00490519 00
7.05151 0.00485457 00
7.0587 0.00480443 00
7.06589 0.00475476 00
7.07308 0.00470556 00
7.08027 0.00465683 00
7.08746 0.00460856 00
7.09465 0.00456074 00
7.10184 0.00451338 00
7.10903 0.00446647 00
7.11622 0.00442 00
7.12341 0.00437398 00
7.1306 0.00432839 00
7.13779 0.00428324 00
7.14498 0.00423852 00
7.15217 0.00419423 00
7.15936 0.00415036 00
7.16655 0.00410691 00
7.17374 0.00406388 00
7.18093 0.00402126 00
7.18812 0.00397905 00
7.19531 0.00393725 00
7.2025 0.00389585 00
7.20969 0.00385485 00
7.21688 0.00381424 00
7.22407 0.00377403 00
7.23126 0.0037342 00
7.23845 0.00369476 00
7.24564 0.00365571 00
7.25283 0.00361703 00
7.26002 0.00357873 00
7.26721 0.0035408 00
7.2744 0.00350323 00
7.28159 0.00346604 00
7.28878 0.00342921 00
7.29597 0.00339273 00
7.30316 0.00335662 00
7.31035 0.00332085 00
7.31754 0.00328544 00
7.32473 0.00325037 00
7.33192 0.00321565 00
7.33911 0.00318127 00
7.3463 0.00314722 00
7.35349 0.00311352 00
7.36068 0.00308014 00
7.36787 0.00304709 00
7.37506 0.00301437 00
7.38225 0.00298197 00
7.38944 0.0029499 00
7.39663 0.00291814 00
7.40382 0.00288669 00
7.41101 0.00285556 00
7.4182 0.00282473 00
7.42539 0.00279422 00
7.43258 0.002764 00
7.43977 0.00273409 00
7.44696 0.00270448 00
7.45415 0.00267516 00
7.46134 0.00264613 00
7.46853 0.0026174 00
7.47572 0.00258895 00
7.48291 0.00256078 00
7.4901 0.0025329 00
7.49729 0.0025053 00
7.50448 0.00247798 00
7.51167 0.00245093 00
7.51886 0.00242416 00
7.52605 0.00239765 00
7.53324 0.00237141 00
7.54043 0.00234544 00
7.54762 0.00231973 00
7.55481 0.00229428 00
7.562 0.00226909 00
7.56919 0.00224415 00
7.57638 0.00221947 00
7.58357 0.00219504 00
7.59076 0.00217085 00
7.59795 0.00214691 00
7.60514 0.00212322 00
7.61233 0.00209977 00
7.61952 0.00207655 00
7.62671 0.00205358 00
7.6339 0.00203084 00
7.64109 0.00200833 00
7.64828 0.00198606 00
7.65547 0.00196401 00
7.66266 0.00194219 00
7.66985 0.00192059 00
7.67704 0.00189921 00
7.68423 0.00187806 00
7.69142 0.00185712 00
7.69861 0.0018364 00
7.7058 0.0018159 00
7.71299 0.0017956 00
7.72018 0.00177552 00
7.72737 0.00175564 00
7.73456 0.00173597 00
7.74175 0.00171651 00
7.74894 0.00169724 00
7.75613 0.00167818 00
7.76332 0.00165932 00
7.77051 0.00164065 00
7.7777 0.00162218 00
7.78489 0.0016039 00
7.79208 0.00158581 00
7.79927 0.00156791 00
7.80646 0.00155019 00
7.81365 0.00153267 00
7.82084 0.00151532 00
7.82803 0.00149816 00
7.83522 0.00148118 00
7.84241 0.00146438 00
7.8496 0.00144776 00
7.85679 0.00143131 00
7.86398 0.00141503 00
7.87117 0.00139893 00
7.87836 0.001383 00
7.88555 0.00136723 00
7.89274 0.00135163 00
7.89993 0.0013362 00
7.90712 0.00132093 00
7.91431 0.00130582 00
7.9215 0.00129088 00
7.92869 0.00127609 00
7.93588 0.00126146 00
7.94307 0.00124699 00
7.95026 0.00123267 00
7.95745 0.0012185 00
7.96464 0.00120449 00
7.97183 0.00119063 00
7.97902 0.00117691 00
7.98621 0.00116334 00
7.9934 0.00114992 00
8.00059 0.00113664 00
8.00778 0.0011235 00
8.01497 0.00111051 00
8.02216 0.00109765 00
8.02935 0.00108494 00
8.03654 0.00107236 00
8.04373 0.00105991 00
8.05092 0.0010476 00
8.05811 0.00103543 00
8.0653 0.00102338 00
8.07249 0.00101147 00
8.07968 0.000999688 00
8.08687 0.000988032 00
8.09406 0.000976503 00
8.10125 0.000965099 00
8.10844 0.000953819 00
8.11563 0.000942663 00
8.12282 0.000931628 00
8.13001 0.000920714 00
8.1372 0.000909919 00
8.14439 0.000899242 00
8.15158 0.000888682 00
8.15877 0.000878238 00
8.16596 0.000867908 00
8.17315 0.000857692 00
8.18034 0.000847588 00
8.18753 0.000837595 00
8.19472 0.000827712 00
8.20191 0.000817938 00
8.2091 0.000808272 00
8.21629 0.000798713 00
8.22348 0.000789259 00
8.23067 0.00077991 00
8.23786 0.000770664 00
8.24505 0.000761521 00
8.25224 0.000752479 00
8.25943 0.000743538 00
8.26662 0.000734696 00
8.27381 0.000725952 00
8.281 0.000717306 00
8.28819 0.000708755 00
8.29538 0.000700301 00
8.30257 0.00069194 00
8.30976 0.000683673 00
8.31695 0.000675498 00
8.32414 0.000667415 00
8.33133 0.000659422 00
8.33852 0.000651519 00
8.34571 0.000643705 00
8.3529 0.000635978 00
8.36009 0.000628338 00
8.36728 0.000620784 00
8.37447 0.000613315 00
8.38166 0.000605931 00
8.38885 0.000598629 00
8.39604 0.00059141 00
8.40323 0.000584273 00
8.41042 0.000577216 00
8.41761 0.000570239 00
8.4248 0.000563341 00
8.43199 0.000556521 00
8.43918 0.000549779 00
8.44637 0.000543113 00
8.45356 0.000536523 00
8.46075 0.000530008 00
8.46794 0.000523568 00
8.47513 0.0005172 00
8.48232 0.000510906 00
8.48951 0.000504683 00
8.4967 0.000498531 00
8.50389 0.000492449 00
8.51108 0.000486438 00
8.51827 0.000480495 00
8.52546 0.00047462 00
8.53265 0.000468812 00
8.53984 0.000463072 00
8.54703 0.000457397 00
8.55422 0.000451788 00
8.56141 0.000446243 00
8.5686 0.000440762 00
8.57579 0.000435344 00
8.58298 0.000429989 00
8.59017 0.000424696 00
8.59736 0.000419464 00
8.60455 0.000414292 00
8.61174 0.000409181 00
8.61893 0.000404128 00
8.62612 0.000399135 00
8.63331 0.000394199 00
8.6405 0.000389321 00
8.64769 0.000384499 00
8.65488 0.000379734 00
8.66207 0.000375024 00
8.66926 0.000370369 00
8.67645 0.000365768 00
8.68364 0.000361221 00
8.69083 0.000356728 00
8.69802 0.000352287 00
8.70521 0.000347897 00
8.7124 0.00034356 00
8.71959 0.000339273 00
8.72678 0.000335037 00
8.73397 0.00033085 00
8.74116 0.000326713 00
8.74835 0.000322624 00
8.75554 0.000318583 00
8.76273 0.000314591 00
8.76992 0.000310645 00
8.77711 0.000306746 00
8.7843 0.000302893 00
8.79149 0.000299085 00
8.79868 0.000295323 00
8.80587 0.000291605 00
8.81306 0.000287931 00
8.82025 0.000284301 00
8.82744 0.000280714 00
8.83463 0.00027717 00
8.84182 0.000273668 00
8.84901 0.000270207 00
8.8562 0.000266788 00
8.86339 0.00026341 00
8.87058 0.000260071 00
8.87777 0.000256773 00
8.88496 0.000253514 00
8.89215 0.000250295 00
8.89934 0.000247114 00
8.90653 0.000243971 00
8.91372 0.000240865 00
8.92091 0.000237797 00
8.9281 0.000234766 00
8.93529 0.000231771 00
8.94248 0.000228813 00
8.94967 0.00022589 00
8.95686 0.000223002 00
8.96405 0.000220149 00
8.97124 0.00021733 00
8.97843 0.000214546 00
8.98562 0.000211795 00
8.99281 0.000209078 00
