5 2.43996e-50 0 0
5.028 2.69798e-50 0 0
5.056 2.9782e-50 0 0
5.084 3.28203e-50 0 0
5.112 3.61094e-50 0 0
5.14 3.96647e-50 0 0
5.168 4.35017e-50 0 0
5.196 4.76368e-50 0 0
5.224 5.20866e-50 0 0
5.252 5.68683e-50 0 0
5.28 6.19995e-50 0 0
5.308 6.74984e-50 0 0
5.336 7.33833e-50 0 0
5.364 7.96734e-50 0 0
5.392 8.63878e-50 0 0
5.42 9.35462e-50 0 0
5.448 1.01169e-49 0 0
5.476 1.09276e-49 0 0
5.504 1.17888e-49 0 0
5.532 1.27026e-49 0 0
5.56 1.36711e-49 0 0
5.588 1.46965e-49 0 0
5.616 1.57809e-49 0 0
5.644 1.69266e-49 0 0
5.672 1.81356e-49 0 0
5.7 1.94102e-49 0 0
5.728 2.07527e-49 0 0
5.756 2.21652e-49 0 0
5.784 2.365e-49 0 0
5.812 2.52093e-49 0 0
5.84 2.68453e-49 0 0
5.868 2.85601e-49 0 0
5.896 3.03562e-49 0 0
5.924 3.22355e-49 0 0
5.952 3.42003e-49 0 0
5.98 3.62528e-49 0 0
6.008 3.8395e-49 0 0
6.036 4.06292e-49 0 0
6.064 4.29573e-49 0 0
6.092 4.53814e-49 0 0
6.12 4.79036e-49 0 0
6.148 5.05258e-49 0 0
6.176 5.325e-49 0 0
6.204 5.6078e-49 0 0
6.232 5.90118e-49 0 0
6.26 6.20532e-49 0 0
6.288 6.52039e-49 0 0
6.316 6.84656e-49 0 0
6.344 7.18401e-49 0 0
6.372 7.53288e-49 0 0
6.4 7.89334e-49 0 0
6.428 8.26554e-49 0 0
6.456 8.64962e-49 0 0
6.484 9.04572e-49 0 0
6.512 9.45396e-49 0 0
6.54 9.87447e-49 0 0
6.568 1.03074e-48 0 0
6.596 1.07528e-48 0 0
6.624 1.12108e-48 0 0
6.652 1.16815e-48 0 0
6.68 1.2165e-48 0 0
6.708 1.26614e-48 0 0
6.736 1.31707e-48 0 0
6.764 1.36931e-48 0 0
6.792 1.42285e-48 0 0
6.82 1.4777e-48 0 0
6.848 1.53388e-48 0 0
6.876 1.59137e-48 0 0
6.904 1.65019e-48 0 0
6.932 1.71034e-48 0 0
6.96 1.77181e-48 0 0
6.988 1.83462e-48 0 0
7.016 1.89875e-48 0 0
7.044 1.96422e-48 0 0
7.072 2.03101e-48 0 0
7.1 2.09913e-48 0 0
7.128 2.16857e-48 0 0
7.156 2.23933e-48 0 0
7.184 2.3114e-48 0 0
7.212 2.38479e-48 0 0
7.24 2.45947e-48 0 0
7.268 2.53546e-48 0 0
7.296 2.61274e-48 0 0
7.324 2.6913e-48 0 0
7.352 2.77114e-48 0 0
7.38 2.85224e-48 0 0
7.408 2.9346e-48 0 0
7.436 3.01821e-48 0 0
7.464 3.10305e-48 0 0
7.492 3.18912e-48 0 0
7.52 3.27639e-48 0 0
7.548 3.36487e-48 0 0
7.576 3.45453e-48 0 0
7.604 3.54537e-48 0 0
7.632 3.63736e-48 0 0
7.66 3.7305e-48 0 0
7.688 3.82477e-48 0 0
7.716 3.92015e-48 0 0
7.744 4.01662e-48 0 0
7.772 4.11418e-48 0 0
7.8 4.2128e-48 0 0
7.828 4.31246e-48 0 0
7.856 4.41315e-48 0 0
7.884 4.51485e-48 0 0
7.912 4.61754e-48 0 0
7.94 4.72121e-48 0 0
7.968 4.82582e-48 0 0
7.996 4.93137e-48 0 0
8.024 5.03783e-48 0 0
8.052 5.14519e-48 0 0
8.08 5.25341e-48 0 0
8.108 5.36249e-48 0 0
8.136 5.4724e-48 0 0
8.164 5.58311e-48 0 0
8.192 5.69462e-48 0 0
8.22 5.80689e-48 0 0
8.248 5.9199e-48 0 0
8.276 6.03363e-48 0 0
8.304 6.14807e-48 0 0
8.332 6.26318e-48 0 0
8.36 6.37895e-48 0 0
8.388 6.49535e-48 0 0
8.416 6.61236e-48 0 0
8.444 6.72996e-48 0 0
8.472 6.84812e-48 0 0
8.5 6.96682e-48 0 0
8.528 7.08604e-48 0 0
8.556 7.20576e-48 0 0
8.584 7.32595e-48 0 0
8.612 7.44658e-48 0 0
8.64 7.56765e-48 0 0
8.668 7.68912e-48 0 0
8.696 7.81097e-48 0 0
8.724 7.93317e-48 0 0
8.752 8.05572e-48 0 0
8.78 8.17857e-48 0 0
8.808 8.30171e-48 0 0
8.836 8.42512e-48 0 0
8.864 8.54878e-48 0 0
8.892 8.67265e-48 0 0
8.92 8.79672e-48 0 0
8.948 8.92098e-48 0 0
8.976 9.04538e-48 0 0
9.004 9.16992e-48 0 0
9.032 9.29457e-48 0 0
9.06 9.41931e-48 0 0
9.088 9.54412e-48 0 0
9.116 9.66897e-48 0 0
9.144 9.79385e-48 0 0
9.172 9.91873e-48 0 0
9.2 1.00436e-47 0 0
9.228 1.01684e-47 0 0
9.256 1.02932e-47 0 0
9.284 1.04179e-47 0 0
9.312 1.05425e-47 0 0
9.34 1.06669e-47 0 0
9.368 1.07913e-47 0 0
9.396 1.09155e-47 0 0
9.424 1.10395e-47 0 0
9.452 1.11633e-47 0 0
9.48 1.12868e-47 0 0
9.508 1.14102e-47 0 0
9.536 1.15333e-47 0 0
9.564 1.16561e-47 0 0
9.592 1.17787e-47 0 0
9.62 1.19009e-47 0 0
9.648 1.20229e-47 0 0
9.676 1.21444e-47 0 0
9.704 1.22657e-47 0 0
9.732 1.23865e-47 0 0
9.76 1.2507e-47 0 0
9.788 1.2627e-47 0 0
9.816 1.27467e-47 0 0
9.844 1.28659e-47 0 0
9.872 1.29846e-47 0 0
9.9 1.31029e-47 0 0
9.928 1.32207e-47 0 0
9.956 1.3338e-47 0 0
9.984 1.34548e-47 0 0
10.012 1.3571e-47 0 0
10.04 1.36868e-47 0 0
10.068 1.38019e-47 0 0
10.096 1.39165e-47 0 0
10.124 1.40306e-47 0 0
10.152 1.4144e-47 0 0
10.18 1.42568e-47 0 0
10.208 1.43691e-47 0 0
10.236 1.44807e-47 0 0
10.264 1.45916e-47 0 0
10.292 1.47019e-47 0 0
10.32 1.48116e-47 0 0
10.348 1.49206e-47 0 0
10.376 1.50289e-47 0 0
10.404 1.51365e-47 0 0
10.432 1.52434e-47 0 0
10.46 1.53496e-47 0 0
10.488 1.5455e-47 0 0
10.516 1.55598e-47 0 0
10.544 1.56638e-47 0 0
10.572 1.5767e-47 0 0
10.6 1.58695e-47 0 0
10.628 1.59713e-47 0 0
10.656 1.60722e-47 0 0
10.684 1.61724e-47 0 0
10.712 1.62718e-47 0 0
10.74 1.63704e-47 0 0
10.768 1.64682e-47 0 0
10.796 1.65651e-47 0 0
10.824 1.66613e-47 0 0
10.852 1.67566e-47 0 0
10.88 1.68512e-47 0 0
10.908 1.69448e-47 0 0
10.936 1.70377e-47 0 0
10.964 1.71297e-47 0 0
10.992 1.72208e-47 0 0
11.02 1.73111e-47 0 0
11.048 1.74005e-47 0 0
11.076 1.74891e-47 0 0
11.104 1.75768e-47 0 0
11.132 1.76636e-47 0 0
11.16 1.77496e-47 0 0
11.188 1.78346e-47 0 0
11.216 1.79188e-47 0 0
11.244 1.80021e-47 0 0
11.272 1.80845e-47 0 0
11.3 1.8166e-47 0 0
11.328 1.82466e-47 0 0
11.356 1.83263e-47 0 0
11.384 1.84051e-47 0 0
11.412 1.8483e-47 0 0
11.44 1.856e-47 0 0
11.468 1.86361e-47 0 0
11.496 1.87113e-47 0 0
11.524 1.87856e-47 0 0
11.552 1.88589e-47 0 0
11.58 1.89314e-47 0 0
11.608 1.90029e-47 0 0
11.636 1.90735e-47 0 0
11.664 1.91432e-47 0 0
11.692 1.9212e-47 0 0
11.72 1.92798e-47 0 0
11.748 1.93468e-47 0 0
11.776 1.94128e-47 0 0
11.804 1.94779e-47 0 0
11.832 1.95421e-47 0 0
11.86 1.96053e-47 0 0
11.888 1.96677e-47 0 0
11.916 1.97291e-47 0 0
11.944 1.97896e-47 0 0
11.972 1.98492e-47 0 0
12 1.99079e-47 0 0
12.028 1.99657e-47 0 0
12.056 2.00225e-47 0 0
12.084 2.00785e-47 0 0
12.112 2.01335e-47 0 0
12.14 2.01876e-47 0 0
12.168 2.02408e-47 0 0
12.196 2.02932e-47 0 0
12.224 2.03446e-47 0 0
12.252 2.03951e-47 0 0
12.28 2.04447e-47 0 0
12.308 2.04934e-47 0 0
12.336 2.05412e-47 0 0
12.364 2.05881e-47 0 0
12.392 2.06342e-47 0 0
12.42 2.06793e-47 0 0
12.448 2.07236e-47 0 0
12.476 2.0767e-47 0 0
12.504 2.08095e-47 0 0
12.532 2.08511e-47 0 0
12.56 2.08919e-47 0 0
12.588 2.09317e-47 0 0
12.616 2.09707e-47 0 0
12.644 2.10089e-47 0 0
12.672 2.10462e-47 0 0
12.7 2.10826e-47 0 0
12.728 2.11182e-47 0 0
12.756 2.11529e-47 0 0
12.784 2.11868e-47 0 0
12.812 2.12198e-47 0 0
12.84 2.1252e-47 0 0
12.868 2.12833e-47 0 0
12.896 2.13139e-47 0 0
12.924 2.13436e-47 0 0
12.952 2.13724e-47 0 0
12.98 2.14005e-47 0 0
13.008 2.14277e-47 0 0
13.036 2.14541e-47 0 0
13.064 2.14797e-47 0 0
13.092 2.15045e-47 0 0
13.12 2.15285e-47 0 0
13.148 2.15517e-47 0 0
13.176 2.15741e-47 0 0
13.204 2.15957e-47 0 0
13.232 2.16166e-47 0 0
13.26 2.16366e-47 0 0
13.288 2.16559e-47 0 0
13.316 2.16744e-47 0 0
13.344 2.16922e-47 0 0
13.372 2.17091e-47 0 0
13.4 2.17254e-47 0 0
13.428 2.17408e-47 0 0
13.456 2.17555e-47 0 0
13.484 2.17695e-47 0 0
13.512 2.17828e-47 0 0
13.54 2.17953e-47 0 0
13.568 2.1807e-47 0 0
13.596 2.18181e-47 0 0
13.624 2.18284e-47 0 0
13.652 2.1838e-47 0 0
13.68 2.18469e-47 0 0
13.708 2.18551e-47 0 0
13.736 2.18626e-47 0 0
13.764 2.18694e-47 0 0
13.792 2.18755e-47 0 0
13.82 2.18809e-47 0 0
13.848 2.18857e-47 0 0
13.876 2.18897e-47 0 0
13.904 2.18931e-47 0 0
13.932 2.18958e-47 0 0
13.96 2.18979e-47 0 0
13.988 2.18993e-47 0 0
14.016 2.19e-47 0 0
14.044 2.19001e-47 0 0
14.072 2.18996e-47 0 0
14.1 2.18984e-47 0 0
14.128 2.18966e-47 0 0
14.156 2.18942e-47 0 0
14.184 2.18911e-47 0 0
14.212 2.18874e-47 0 0
14.24 2.18831e-47 0 0
14.268 2.18782e-47 0 0
14.296 2.18727e-47 0 0
14.324 2.18666e-47 0 0
14.352 2.18599e-47 0 0
14.38 2.18526e-47 0 0
14.408 2.18447e-47 0 0
14.436 2.18362e-47 0 0
14.464 2.18272e-47 0 0
14.492 2.18176e-47 0 0
14.52 2.18074e-47 0 0
14.548 2.17967e-47 0 0
14.576 2.17854e-47 0 0
14.604 2.17736e-47 0 0
14.632 2.17612e-47 0 0
14.66 2.17483e-47 0 0
14.688 2.17349e-47 0 0
14.716 2.17209e-47 0 0
14.744 2.17064e-47 0 0
14.772 2.16913e-47 0 0
14.8 2.16758e-47 0 0
14.828 2.16597e-47 0 0
14.856 2.16432e-47 0 0
14.884 2.16261e-47 0 0
14.912 2.16085e-47 0 0
14.94 2.15905e-47 0 0
14.968 2.15719e-47 0 0
14.996 2.15529e-47 0 0
15.024 2.15334e-47 0 0
15.052 2.15134e-47 0 0
15.08 2.1493e-47 0 0
15.108 2.14721e-47 0 0
15.136 2.14507e-47 0 0
15.164 2.14289e-47 0 0
15.192 2.14066e-47 0 0
15.22 2.13839e-47 0 0
15.248 2.13607e-47 0 0
15.276 2.13371e-47 0 0
15.304 2.13131e-47 0 0
15.332 2.12886e-47 0 0
15.36 2.12637e-47 0 0
15.388 2.12384e-47 0 0
15.416 2.12127e-47 0 0
15.444 2.11865e-47 0 0
15.472 2.116e-47 0 0
15.5 2.11331e-47 0 0
15.528 2.11057e-47 0 0
15.556 2.1078e-47 0 0
15.584 2.10499e-47 0 0
15.612 2.10214e-47 0 0
15.64 2.09925e-47 0 0
15.668 2.09632e-47 0 0
15.696 2.09336e-47 0 0
15.724 2.09036e-47 0 0
15.752 2.08732e-47 0 0
15.78 2.08425e-47 0 0
15.808 2.08114e-47 0 0
15.836 2.078e-47 0 0
15.864 2.07482e-47 0 0
15.892 2.07161e-47 0 0
15.92 2.06836e-47 0 0
15.948 2.06508e-47 0 0
15.976 2.06177e-47 0 0
16.004 2.05843e-47 0 0
16.032 2.05505e-47 0 0
16.06 2.05164e-47 0 0
16.088 2.0482e-47 0 0
16.116 2.04473e-47 0 0
16.144 2.04123e-47 0 0
16.172 2.03769e-47 0 0
16.2 2.03413e-47 0 0
16.228 2.03054e-47 0 0
16.256 2.02692e-47 0 0
16.284 2.02327e-47 0 0
16.312 2.01959e-47 0 0
16.34 2.01588e-47 0 0
16.368 2.01215e-47 0 0
16.396 2.00839e-47 0 0
16.424 2.0046e-47 0 0
16.452 2.00078e-47 0 0
16.48 1.99694e-47 0 0
16.508 1.99307e-47 0 0
16.536 1.98918e-47 0 0
16.564 1.98526e-47 0 0
16.592 1.98132e-47 0 0
16.62 1.97735e-47 0 0
16.648 1.97336e-47 0 0
16.676 1.96934e-47 0 0
16.704 1.9653e-47 0 0
16.732 1.96124e-47 0 0
16.76 1.95716e-47 0 0
16.788 1.95305e-47 0 0
16.816 1.94892e-47 0 0
16.844 1.94477e-47 0 0
16.872 1.94059e-47 0 0
16.9 1.9364e-47 0 0
16.928 1.93219e-47 0 0
16.956 1.92795e-47 0 0
16.984 1.92369e-47 0 0
17.012 1.91942e-47 0 0
17.04 1.91512e-47 0 0
17.068 1.91081e-47 0 0
17.096 1.90647e-47 0 0
17.124 1.90212e-47 0 0
17.152 1.89775e-47 0 0
17.18 1.89336e-47 0 0
17.208 1.88896e-47 0 0
17.236 1.88453e-47 0 0
17.264 1.88009e-47 0 0
17.292 1.87563e-47 0 0
17.32 1.87116e-47 0 0
17.348 1.86667e-47 0 0
17.376 1.86216e-47 0 0
17.404 1.85764e-47 0 0
17.432 1.8531e-47 0 0
17.46 1.84855e-47 0 0
17.488 1.84398e-47 0 0
17.516 1.8394e-47 0 0
17.544 1.8348e-47 0 0
17.572 1.83019e-47 0 0
17.6 1.82556e-47 0 0
17.628 1.82093e-47 0 0
17.656 1.81627e-47 0 0
17.684 1.81161e-47 0 0
17.712 1.80693e-47 0 0
17.74 1.80224e-47 0 0
17.768 1.79754e-47 0 0
17.796 1.79282e-47 0 0
17.824 1.7881e-47 0 0
17.852 1.78336e-47 0 0
17.88 1.77861e-47 0 0
17.908 1.77385e-47 0 0
17.936 1.76908e-47 0 0
17.964 1.7643e-47 0 0
17.992 1.75951e-47 0 0
18.02 1.7547e-47 0 0
18.048 1.74989e-47 0 0
18.076 1.74507e-47 0 0
18.104 1.74024e-47 0 0
18.132 1.7354e-47 0 0
18.16 1.73055e-47 0 0
18.188 1.72569e-47 0 0
18.216 1.72083e-47 0 0
18.244 1.71595e-47 0 0
18.272 1.71107e-47 0 0
18.3 1.70618e-47 0 0
18.328 1.70128e-47 0 0
18.356 1.69638e-47 0 0
18.384 1.69146e-47 0 0
18.412 1.68654e-47 0 0
18.44 1.68162e-47 0 0
18.468 1.67668e-47 0 0
18.496 1.67174e-47 0 0
18.524 1.6668e-47 0 0
18.552 1.66185e-47 0 0
18.58 1.65689e-47 0 0
18.608 1.65193e-47 0 0
18.636 1.64696e-47 0 0
18.664 1.64198e-47 0 0
18.692 1.63701e-47 0 0
18.72 1.63202e-47 0 0
18.748 1.62703e-47 0 0
18.776 1.62204e-47 0 0
18.804 1.61704e-47 0 0
18.832 1.61204e-47 0 0
18.86 1.60704e-47 0 0
18.888 1.60203e-47 0 0
18.916 1.59702e-47 0 0
18.944 1.592e-47 0 0
18.972 1.58698e-47 0 0
19 1.58196e-47 0 0
19.028 1.57693e-47 0 0
19.056 1.5719e-47 0 0
19.084 1.56687e-47 0 0
19.112 1.56184e-47 0 0
19.14 1.55681e-47 0 0
19.168 1.55177e-47 0 0
19.196 1.54673e-47 0 0
19.224 1.54169e-47 0 0
19.252 1.53665e-47 0 0
19.28 1.5316e-47 0 0
19.308 1.52656e-47 0 0
19.336 1.52151e-47 0 0
19.364 1.51646e-47 0 0
19.392 1.51141e-47 0 0
19.42 1.50636e-47 0 0
19.448 1.50131e-47 0 0
19.476 1.49626e-47 0 0
19.504 1.49121e-47 0 0
19.532 1.48616e-47 0 0
19.56 1.48111e-47 0 0
19.588 1.47606e-47 0 0
19.616 1.47101e-47 0 0
19.644 1.46596e-47 0 0
19.672 1.46091e-47 0 0
19.7 1.45586e-47 0 0
19.728 1.45081e-47 0 0
19.756 1.44577e-47 0 0
19.784 1.44072e-47 0 0
19.812 1.43568e-47 0 0
19.84 1.43063e-47 0 0
19.868 1.42559e-47 0 0
19.896 1.42055e-47 0 0
19.924 1.41551e-47 0 0
19.952 1.41047e-47 0 0
19.98 1.40544e-47 0 0
20.008 1.4004e-47 0 0
20.036 1.39537e-47 0 0
20.064 1.39034e-47 0 0
20.092 1.38532e-47 0 0
20.12 1.38029e-47 0 0
20.148 1.37527e-47 0 0
20.176 1.37025e-47 0 0
20.204 1.36523e-47 0 0
20.232 1.36022e-47 0 0
20.26 1.35521e-47 0 0
20.288 1.3502e-47 0 0
20.316 1.3452e-47 0 0
20.344 1.3402e-47 0 0
20.372 1.3352e-47 0 0
20.4 1.33021e-47 0 0
20.428 1.32522e-47 0 0
20.456 1.32023e-47 0 0
20.484 1.31525e-47 0 0
20.512 1.31027e-47 0 0
20.54 1.30529e-47 0 0
20.568 1.30032e-47 0 0
20.596 1.29535e-47 0 0
20.624 1.29039e-47 0 0
20.652 1.28543e-47 0 0
20.68 1.28048e-47 0 0
20.708 1.27553e-47 0 0
20.736 1.27058e-47 0 0
20.764 1.26564e-47 0 0
20.792 1.26071e-47 0 0
20.82 1.25577e-47 0 0
20.848 1.25085e-47 0 0
20.876 1.24593e-47 0 0
20.904 1.24101e-47 0 0
20.932 1.2361e-47 0 0
20.96 1.2312e-47 0 0
20.988 1.2263e-47 0 0
21.016 1.2214e-47 0 0
21.044 1.21651e-47 0 0
21.072 1.21163e-47 0 0
21.1 1.20675e-47 0 0
21.128 1.20188e-47 0 0
21.156 1.19701e-47 0 0
21.184 1.19215e-47 0 0
21.212 1.18729e-47 0 0
21.24 1.18244e-47 0 0
21.268 1.1776e-47 0 0
21.296 1.17276e-47 0 0
21.324 1.16793e-47 0 0
21.352 1.16311e-47 0 0
21.38 1.15829e-47 0 0
21.408 1.15347e-47 0 0
21.436 1.14867e-47 0 0
21.464 1.14387e-47 0 0
21.492 1.13908e-47 0 0
21.52 1.13429e-47 0 0
21.548 1.12951e-47 0 0
21.576 1.12474e-47 0 0
21.604 1.11997e-47 0 0
21.632 1.11521e-47 0 0
21.66 1.11046e-47 0 0
21.688 1.10571e-47 0 0
21.716 1.10097e-47 0 0
21.744 1.09624e-47 0 0
21.772 1.09151e-47 0 0
21.8 1.08679e-47 0 0
21.828 1.08208e-47 0 0
21.856 1.07738e-47 0 0
21.884 1.07268e-47 0 0
21.912 1.06799e-47 0 0
21.94 1.06331e-47 0 0
21.968 1.05863e-47 0 0
21.996 1.05397e-47 0 0
22.024 1.04931e-47 0 0
22.052 1.04465e-47 0 0
22.08 1.04001e-47 0 0
22.108 1.03537e-47 0 0
22.136 1.03074e-47 0 0
22.164 1.02612e-47 0 0
22.192 1.0215e-47 0 0
22.22 1.0169e-47 0 0
22.248 1.0123e-47 0 0
22.276 1.00771e-47 0 0
22.304 1.00312e-47 0 0
22.332 9.98547e-48 0 0
22.36 9.9398e-48 0 0
22.388 9.8942e-48 0 0
22.416 9.84868e-48 0 0
22.444 9.80324e-48 0 0
22.472 9.75788e-48 0 0
22.5 9.7126e-48 0 0
22.528 9.6674e-48 0 0
22.556 9.62228e-48 0 0
22.584 9.57724e-48 0 0
22.612 9.53229e-48 0 0
22.64 9.48742e-48 0 0
22.668 9.44263e-48 0 0
22.696 9.39792e-48 0 0
22.724 9.35329e-48 0 0
22.752 9.30875e-48 0 0
22.78 9.26429e-48 0 0
22.808 9.21992e-48 0 0
22.836 9.17562e-48 0 0
22.864 9.13142e-48 0 0
22.892 9.08729e-48 0 0
22.92 9.04325e-48 0 0
22.948 8.9993e-48 0 0
22.976 8.95542e-48 0 0
23.004 8.91164e-48 0 0
23.032 8.86794e-48 0 0
23.06 8.82432e-48 0 0
23.088 8.78079e-48 0 0
23.116 8.73735e-48 0 0
23.144 8.69399e-48 0 0
23.172 8.65072e-48 0 0
23.2 8.60753e-48 0 0
23.228 8.56443e-48 0 0
23.256 8.52141e-48 0 0
23.284 8.47848e-48 0 0
23.312 8.43564e-48 0 0
23.34 8.39289e-48 0 0
23.368 8.35022e-48 0 0
23.396 8.30764e-48 0 0
23.424 8.26515e-48 0 0
23.452 8.22274e-48 0 0
23.48 8.18042e-48 0 0
23.508 8.13819e-48 0 0
23.536 8.09604e-48 0 0
23.564 8.05398e-48 0 0
23.592 8.01201e-48 0 0
23.62 7.97013e-48 0 0
23.648 7.92834e-48 0 0
23.676 7.88663e-48 0 0
23.704 7.84501e-48 0 0
23.732 7.80348e-48 0 0
23.76 7.76204e-48 0 0
23.788 7.72068e-48 0 0
23.816 7.67941e-48 0 0
23.844 7.63823e-48 0 0
23.872 7.59714e-48 0 0
23.9 7.55614e-48 0 0
23.928 7.51522e-48 0 0
23.956 7.47439e-48 0 0
23.984 7.43365e-48 0 0
24.012 7.393e-48 0 0
24.04 7.35244e-48 0 0
24.068 7.31196e-48 0 0
24.096 7.27157e-48 0 0
24.124 7.23127e-48 0 0
24.152 7.19106e-48 0 0
24.18 7.15093e-48 0 0
24.208 7.1109e-48 0 0
24.236 7.07095e-48 0 0
24.264 7.03109e-48 0 0
24.292 6.99131e-48 0 0
24.32 6.95162e-48 0 0
24.348 6.91203e-48 0 0
24.376 6.87251e-48 0 0
24.404 6.83309e-48 0 0
24.432 6.79375e-48 0 0
24.46 6.7545e-48 0 0
24.488 6.71534e-48 0 0
24.516 6.67626e-48 0 0
24.544 6.63727e-48 0 0
24.572 6.59837e-48 0 0
24.6 6.55955e-48 0 0
24.628 6.52082e-48 0 0
24.656 6.48217e-48 0 0
24.684 6.44362e-48 0 0
24.712 6.40514e-48 0 0
24.74 6.36676e-48 0 0
24.768 6.32846e-48 0 0
24.796 6.29024e-48 0 0
24.824 6.25211e-48 0 0
24.852 6.21406e-48 0 0
24.88 6.1761e-48 0 0
24.908 6.13823e-48 0 0
24.936 6.10044e-48 0 0
24.964 6.06273e-48 0 0
24.992 6.02511e-48 0 0
25.02 5.98757e-48 0 0
25.048 5.95012e-48 0 0
25.076 5.91275e-48 0 0
25.104 5.87546e-48 0 0
25.132 5.83825e-48 0 0
25.16 5.80113e-48 0 0
25.188 5.76409e-48 0 0
25.216 5.72713e-48 0 0
25.244 5.69026e-48 0 0
25.272 5.65346e-48 0 0
25.3 5.61675e-48 0 0
25.328 5.58012e-48 0 0
25.356 5.54357e-48 0 0
25.384 5.5071e-48 0 0
25.412 5.47071e-48 0 0
25.44 5.4344e-48 0 0
25.468 5.39817e-48 0 0
25.496 5.36202e-48 0 0
25.524 5.32595e-48 0 0
25.552 5.28996e-48 0 0
25.58 5.25404e-48 0 0
25.608 5.21821e-48 0 0
25.636 5.18245e-48 0 0
25.664 5.14677e-48 0 0
25.692 5.11116e-48 0 0
25.72 5.07563e-48 0 0
25.748 5.04018e-48 0 0
25.776 5.0048e-48 0 0
25.804 4.9695e-48 0 0
25.832 4.93427e-48 0 0
25.86 4.89912e-48 0 0
25.888 4.86404e-48 0 0
25.916 4.82903e-48 0 0
25.944 4.7941e-48 0 0
25.972 4.75924e-48 0 0
26 4.72445e-48 0 0
26.028 4.68973e-48 0 0
26.056 4.65508e-48 0 0
26.084 4.6205e-48 0 0
26.112 4.58599e-48 0 0
26.14 4.55156e-48 0 0
26.168 4.51718e-48 0 0
26.196 4.48288e-48 0 0
26.224 4.44865e-48 0 0
26.252 4.41448e-48 0 0
26.28 4.38038e-48 0 0
26.308 4.34634e-48 0 0
26.336 4.31237e-48 0 0
26.364 4.27846e-48 0 0
26.392 4.24461e-48 0 0
26.42 4.21083e-48 0 0
26.448 4.17711e-48 0 0
26.476 4.14345e-48 0 0
26.504 4.10985e-48 0 0
26.532 4.07631e-48 0 0
26.56 4.04283e-48 0 0
26.588 4.00941e-48 0 0
26.616 3.97604e-48 0 0
26.644 3.94273e-48 0 0
26.672 3.90948e-48 0 0
26.7 3.87628e-48 0 0
26.728 3.84313e-48 0 0
26.756 3.81003e-48 0 0
26.784 3.77699e-48 0 0
26.812 3.744e-48 0 0
26.84 3.71105e-48 0 0
26.868 3.67816e-48 0 0
26.896 3.64531e-48 0 0
26.924 3.61251e-48 0 0
26.952 3.57975e-48 0 0
26.98 3.54703e-48 0 0
27.008 3.51436e-48 0 0
27.036 3.48173e-48 0 0
27.064 3.44914e-48 0 0
27.092 3.41658e-48 0 0
27.12 3.38407e-48 0 0
27.148 3.35159e-48 0 0
27.176 3.31914e-48 0 0
27.204 3.28672e-48 0 0
27.232 3.25434e-48 0 0
27.26 3.22198e-48 0 0
27.288 3.18965e-48 0 0
27.316 3.15735e-48 0 0
27.344 3.12507e-48 0 0
27.372 3.09281e-48 0 0
27.4 3.06057e-48 0 0
27.428 3.02835e-48 0 0
27.456 2.99614e-48 0 0
27.484 2.96395e-48 0 0
27.512 2.93176e-48 0 0
27.54 2.89959e-48 0 0
27.568 2.86742e-48 0 0
27.596 2.83526e-48 0 0
27.624 2.80309e-48 0 0
27.652 2.77093e-48 0 0
27.68 2.73875e-48 0 0
27.708 2.70657e-48 0 0
27.736 2.67438e-48 0 0
27.764 2.64218e-48 0 0
27.792 2.60995e-48 0 0
27.82 2.57771e-48 0 0
27.848 2.54543e-48 0 0
27.876 2.51313e-48 0 0
27.904 2.4808e-48 0 0
27.932 2.44842e-48 0 0
27.96 2.41601e-48 0 0
27.988 2.38354e-48 0 0
28.016 2.35103e-48 0 0
28.044 2.31845e-48 0 0
28.072 2.28581e-48 0 0
28.1 2.2531e-48 0 0
28.128 2.22032e-48 0 0
28.156 2.18745e-48 0 0
28.184 2.15449e-48 0 0
28.212 2.12144e-48 0 0
28.24 2.08828e-48 0 0
28.268 2.055e-48 0 0
28.296 2.0216e-48 0 0
28.324 1.98807e-48 0 0
28.352 1.9544e-48 0 0
28.38 1.92057e-48 0 0
28.408 1.88658e-48 0 0
28.436 1.8524e-48 0 0
28.464 1.81804e-48 0 0
28.492 1.78346e-48 0 0
28.52 1.74866e-48 0 0
28.548 1.71362e-48 0 0
28.576 1.67832e-48 0 0
28.604 1.64274e-48 0 0
28.632 1.60685e-48 0 0
28.66 1.57064e-48 0 0
28.688 1.53407e-48 0 0
28.716 1.49711e-48 0 0
28.744 1.45973e-48 0 0
28.772 1.42189e-48 0 0
28.8 1.38355e-48 0 0
28.828 1.34466e-48 0 0
28.856 1.30517e-48 0 0
28.884 1.26502e-48 0 0
28.912 1.22413e-48 0 0
28.94 1.18243e-48 0 0
28.968 1.13982e-48 0 0
28.996 1.09618e-48 0 0
29.024 1.0514e-48 0 0
29.052 1.00529e-48 0 0
29.08 9.5768e-49 0 0
29.108 9.08312e-49 0 0
29.136 8.56878e-49 0 0
29.164 8.02976e-49 0 0
29.192 7.46062e-49 0 0
29.22 6.85377e-49 0 0
29.248 6.19807e-49 0 0
29.276 5.47588e-49 0 0
29.304 4.65625e-49 0 0
29.332 3.67438e-49 0 0
29.36 2.33354e-49 0 0
29.388 -nan 0 0
29.416 -nan 0 0
29.444 -nan 0 0
29.472 -nan 0 0
29.5 -nan 0 0
29.528 -nan 0 0
29.556 -nan 0 0
29.584 -nan 0 0
29.612 -nan 0 0
29.64 -nan 0 0
29.668 -nan 0 0
29.696 -nan 0 0
29.724 -nan 0 0
29.752 -nan 0 0
29.78 -nan 0 0
29.808 -nan 0 0
29.836 -nan 0 0
29.864 -nan 0 0
29.892 -nan 0 0
29.92 -nan 0 0
29.948 -nan 0 0
29.976 -nan 0 0
30.004 -nan 0 0
30.032 -nan 0 0
30.06 -nan 0 0
30.088 -nan 0 0
30.116 -nan 0 0
30.144 -nan 0 0
30.172 -nan 0 0
30.2 -nan 0 0
30.228 -nan 0 0
30.256 -nan 0 0
30.284 -nan 0 0
30.312 -nan 0 0
30.34 -nan 0 0
30.368 -nan 0 0
30.396 -nan 0 0
30.424 -nan 0 0
30.452 -nan 0 0
30.48 -nan 0 0
30.508 -nan 0 0
30.536 -nan 0 0
30.564 -nan 0 0
30.592 -nan 0 0
30.62 -nan 0 0
30.648 -nan 0 0
30.676 -nan 0 0
30.704 -nan 0 0
30.732 -nan 0 0
30.76 -nan 0 0
30.788 -nan 0 0
30.816 -nan 0 0
30.844 -nan 0 0
30.872 -nan 0 0
30.9 -nan 0 0
30.928 -nan 0 0
30.956 -nan 0 0
30.984 -nan 0 0
31.012 -nan 0 0
31.04 -nan 0 0
31.068 -nan 0 0
31.096 -nan 0 0
31.124 -nan 0 0
31.152 -nan 0 0
31.18 -nan 0 0
31.208 -nan 0 0
31.236 -nan 0 0
31.264 -nan 0 0
31.292 -nan 0 0
31.32 -nan 0 0
31.348 -nan 0 0
31.376 -nan 0 0
31.404 -nan 0 0
31.432 -nan 0 0
31.46 -nan 0 0
31.488 -nan 0 0
31.516 -nan 0 0
31.544 -nan 0 0
31.572 -nan 0 0
31.6 -nan 0 0
31.628 -nan 0 0
31.656 -nan 0 0
31.684 -nan 0 0
31.712 -nan 0 0
31.74 -nan 0 0
31.768 -nan 0 0
31.796 -nan 0 0
31.824 -nan 0 0
31.852 -nan 0 0
31.88 -nan 0 0
31.908 -nan 0 0
31.936 -nan 0 0
31.964 -nan 0 0
31.992 -nan 0 0
32.02 -nan 0 0
32.048 -nan 0 0
32.076 -nan 0 0
32.104 -nan 0 0
32.132 -nan 0 0
32.16 -nan 0 0
32.188 -nan 0 0
32.216 -nan 0 0
32.244 -nan 0 0
32.272 -nan 0 0
32.3 -nan 0 0
32.328 -nan 0 0
32.356 -nan 0 0
32.384 -nan 0 0
32.412 -nan 0 0
32.44 -nan 0 0
32.468 -nan 0 0
32.496 -nan 0 0
32.524 -nan 0 0
32.552 -nan 0 0
32.58 -nan 0 0
32.608 -nan 0 0
32.636 -nan 0 0
32.664 -nan 0 0
32.692 -nan 0 0
32.72 -nan 0 0
32.748 -nan 0 0
32.776 -nan 0 0
32.804 -nan 0 0
32.832 -nan 0 0
32.86 -nan 0 0
32.888 -nan 0 0
32.916 -nan 0 0
32.944 -nan 0 0
32.972 -nan 0 0
