5 2.00573e-50 0 0
5.028 2.21287e-50 0 0
5.056 2.43721e-50 0 0
5.084 2.67976e-50 0 0
5.112 2.94161e-50 0 0
5.14 3.22383e-50 0 0
5.168 3.52754e-50 0 0
5.196 3.8539e-50 0 0
5.224 4.20407e-50 0 0
5.252 4.57926e-50 0 0
5.28 4.98067e-50 0 0
5.308 5.40956e-50 0 0
5.336 5.86717e-50 0 0
5.364 6.3548e-50 0 0
5.392 6.87372e-50 0 0
5.42 7.42525e-50 0 0
5.448 8.01071e-50 0 0
5.476 8.63141e-50 0 0
5.504 9.28869e-50 0 0
5.532 9.98388e-50 0 0
5.56 1.07183e-49 0 0
5.588 1.14934e-49 0 0
5.616 1.23103e-49 0 0
5.644 1.31706e-49 0 0
5.672 1.40754e-49 0 0
5.7 1.50261e-49 0 0
5.728 1.60239e-49 0 0
5.756 1.70703e-49 0 0
5.784 1.81664e-49 0 0
5.812 1.93135e-49 0 0
5.84 2.05127e-49 0 0
5.868 2.17654e-49 0 0
5.896 2.30727e-49 0 0
5.924 2.44357e-49 0 0
5.952 2.58555e-49 0 0
5.98 2.73332e-49 0 0
6.008 2.88699e-49 0 0
6.036 3.04665e-49 0 0
6.064 3.2124e-49 0 0
6.092 3.38434e-49 0 0
6.12 3.56254e-49 0 0
6.148 3.7471e-49 0 0
6.176 3.9381e-49 0 0
6.204 4.1356e-49 0 0
6.232 4.33967e-49 0 0
6.26 4.55039e-49 0 0
6.288 4.7678e-49 0 0
6.316 4.99196e-49 0 0
6.344 5.22292e-49 0 0
6.372 5.46072e-49 0 0
6.4 5.7054e-49 0 0
6.428 5.95698e-49 0 0
6.456 6.2155e-49 0 0
6.484 6.48096e-49 0 0
6.512 6.75339e-49 0 0
6.54 7.03279e-49 0 0
6.568 7.31916e-49 0 0
6.596 7.6125e-49 0 0
6.624 7.9128e-49 0 0
6.652 8.22003e-49 0 0
6.68 8.53418e-49 0 0
6.708 8.85522e-49 0 0
6.736 9.18312e-49 0 0
6.764 9.51783e-49 0 0
6.792 9.85931e-49 0 0
6.82 1.02075e-48 0 0
6.848 1.05624e-48 0 0
6.876 1.09238e-48 0 0
6.904 1.12918e-48 0 0
6.932 1.16662e-48 0 0
6.96 1.2047e-48 0 0
6.988 1.24341e-48 0 0
7.016 1.28274e-48 0 0
7.044 1.32268e-48 0 0
7.072 1.36321e-48 0 0
7.1 1.40434e-48 0 0
7.128 1.44605e-48 0 0
7.156 1.48833e-48 0 0
7.184 1.53116e-48 0 0
7.212 1.57453e-48 0 0
7.24 1.61844e-48 0 0
7.268 1.66286e-48 0 0
7.296 1.70779e-48 0 0
7.324 1.75321e-48 0 0
7.352 1.7991e-48 0 0
7.38 1.84545e-48 0 0
7.408 1.89226e-48 0 0
7.436 1.93949e-48 0 0
7.464 1.98714e-48 0 0
7.492 2.03519e-48 0 0
7.52 2.08363e-48 0 0
7.548 2.13243e-48 0 0
7.576 2.18159e-48 0 0
7.604 2.23108e-48 0 0
7.632 2.28089e-48 0 0
7.66 2.331e-48 0 0
7.688 2.38139e-48 0 0
7.716 2.43205e-48 0 0
7.744 2.48297e-48 0 0
7.772 2.53411e-48 0 0
7.8 2.58547e-48 0 0
7.828 2.63702e-48 0 0
7.856 2.68875e-48 0 0
7.884 2.74065e-48 0 0
7.912 2.79268e-48 0 0
7.94 2.84484e-48 0 0
7.968 2.89711e-48 0 0
7.996 2.94947e-48 0 0
8.024 3.0019e-48 0 0
8.052 3.05438e-48 0 0
8.08 3.10689e-48 0 0
8.108 3.15943e-48 0 0
8.136 3.21196e-48 0 0
8.164 3.26448e-48 0 0
8.192 3.31696e-48 0 0
8.22 3.36938e-48 0 0
8.248 3.42174e-48 0 0
8.276 3.47401e-48 0 0
8.304 3.52618e-48 0 0
8.332 3.57822e-48 0 0
8.36 3.63013e-48 0 0
8.388 3.68188e-48 0 0
8.416 3.73346e-48 0 0
8.444 3.78485e-48 0 0
8.472 3.83604e-48 0 0
8.5 3.88701e-48 0 0
8.528 3.93774e-48 0 0
8.556 3.98823e-48 0 0
8.584 4.03845e-48 0 0
8.612 4.08838e-48 0 0
8.64 4.13803e-48 0 0
8.668 4.18736e-48 0 0
8.696 4.23637e-48 0 0
8.724 4.28505e-48 0 0
8.752 4.33337e-48 0 0
8.78 4.38132e-48 0 0
8.808 4.4289e-48 0 0
8.836 4.47609e-48 0 0
8.864 4.52287e-48 0 0
8.892 4.56924e-48 0 0
8.92 4.61518e-48 0 0
8.948 4.66069e-48 0 0
8.976 4.70574e-48 0 0
9.004 4.75032e-48 0 0
9.032 4.79444e-48 0 0
9.06 4.83807e-48 0 0
9.088 4.88121e-48 0 0
9.116 4.92385e-48 0 0
9.144 4.96597e-48 0 0
9.172 5.00757e-48 0 0
9.2 5.04864e-48 0 0
9.228 5.08917e-48 0 0
9.256 5.12915e-48 0 0
9.284 5.16857e-48 0 0
9.312 5.20743e-48 0 0
9.34 5.24572e-48 0 0
9.368 5.28342e-48 0 0
9.396 5.32055e-48 0 0
9.424 5.35708e-48 0 0
9.452 5.39301e-48 0 0
9.48 5.42833e-48 0 0
9.508 5.46305e-48 0 0
9.536 5.49715e-48 0 0
9.564 5.53063e-48 0 0
9.592 5.56348e-48 0 0
9.62 5.5957e-48 0 0
9.648 5.62729e-48 0 0
9.676 5.65825e-48 0 0
9.704 5.68856e-48 0 0
9.732 5.71822e-48 0 0
9.76 5.74724e-48 0 0
9.788 5.7756e-48 0 0
9.816 5.80332e-48 0 0
9.844 5.83037e-48 0 0
9.872 5.85677e-48 0 0
9.9 5.88251e-48 0 0
9.928 5.9076e-48 0 0
9.956 5.93201e-48 0 0
9.984 5.95577e-48 0 0
10.012 5.97886e-48 0 0
10.04 6.00129e-48 0 0
10.068 6.02306e-48 0 0
10.096 6.04416e-48 0 0
10.124 6.0646e-48 0 0
10.152 6.08438e-48 0 0
10.18 6.10349e-48 0 0
10.208 6.12194e-48 0 0
10.236 6.13973e-48 0 0
10.264 6.15687e-48 0 0
10.292 6.17335e-48 0 0
10.32 6.18917e-48 0 0
10.348 6.20434e-48 0 0
10.376 6.21886e-48 0 0
10.404 6.23273e-48 0 0
10.432 6.24595e-48 0 0
10.46 6.25853e-48 0 0
10.488 6.27048e-48 0 0
10.516 6.28178e-48 0 0
10.544 6.29246e-48 0 0
10.572 6.3025e-48 0 0
10.6 6.31192e-48 0 0
10.628 6.32071e-48 0 0
10.656 6.32889e-48 0 0
10.684 6.33646e-48 0 0
10.712 6.34341e-48 0 0
10.74 6.34976e-48 0 0
10.768 6.35551e-48 0 0
10.796 6.36066e-48 0 0
10.824 6.36522e-48 0 0
10.852 6.3692e-48 0 0
10.88 6.3726e-48 0 0
10.908 6.37542e-48 0 0
10.936 6.37767e-48 0 0
10.964 6.37935e-48 0 0
10.992 6.38048e-48 0 0
11.02 6.38105e-48 0 0
11.048 6.38108e-48 0 0
11.076 6.38056e-48 0 0
11.104 6.37951e-48 0 0
11.132 6.37793e-48 0 0
11.16 6.37583e-48 0 0
11.188 6.3732e-48 0 0
11.216 6.37007e-48 0 0
11.244 6.36643e-48 0 0
11.272 6.3623e-48 0 0
11.3 6.35767e-48 0 0
11.328 6.35256e-48 0 0
11.356 6.34697e-48 0 0
11.384 6.34091e-48 0 0
11.412 6.33439e-48 0 0
11.44 6.3274e-48 0 0
11.468 6.31997e-48 0 0
11.496 6.31209e-48 0 0
11.524 6.30378e-48 0 0
11.552 6.29503e-48 0 0
11.58 6.28586e-48 0 0
11.608 6.27628e-48 0 0
11.636 6.26628e-48 0 0
11.664 6.25589e-48 0 0
11.692 6.2451e-48 0 0
11.72 6.23392e-48 0 0
11.748 6.22236e-48 0 0
11.776 6.21043e-48 0 0
11.804 6.19814e-48 0 0
11.832 6.18548e-48 0 0
11.86 6.17247e-48 0 0
11.888 6.15912e-48 0 0
11.916 6.14543e-48 0 0
11.944 6.13141e-48 0 0
11.972 6.11707e-48 0 0
12 6.10242e-48 0 0
12.028 6.08745e-48 0 0
12.056 6.07219e-48 0 0
12.084 6.05663e-48 0 0
12.112 6.04078e-48 0 0
12.14 6.02466e-48 0 0
12.168 6.00826e-48 0 0
12.196 5.9916e-48 0 0
12.224 5.97468e-48 0 0
12.252 5.95751e-48 0 0
12.28 5.9401e-48 0 0
12.308 5.92244e-48 0 0
12.336 5.90456e-48 0 0
12.364 5.88646e-48 0 0
12.392 5.86814e-48 0 0
12.42 5.84961e-48 0 0
12.448 5.83088e-48 0 0
12.476 5.81196e-48 0 0
12.504 5.79285e-48 0 0
12.532 5.77355e-48 0 0
12.56 5.75408e-48 0 0
12.588 5.73444e-48 0 0
12.616 5.71464e-48 0 0
12.644 5.69469e-48 0 0
12.672 5.67459e-48 0 0
12.7 5.65434e-48 0 0
12.728 5.63396e-48 0 0
12.756 5.61346e-48 0 0
12.784 5.59283e-48 0 0
12.812 5.57208e-48 0 0
12.84 5.55122e-48 0 0
12.868 5.53026e-48 0 0
12.896 5.5092e-48 0 0
12.924 5.48805e-48 0 0
12.952 5.46682e-48 0 0
12.98 5.4455e-48 0 0
13.008 5.42412e-48 0 0
13.036 5.40266e-48 0 0
13.064 5.38114e-48 0 0
13.092 5.35957e-48 0 0
13.12 5.33795e-48 0 0
13.148 5.31628e-48 0 0
13.176 5.29457e-48 0 0
13.204 5.27283e-48 0 0
13.232 5.25106e-48 0 0
13.26 5.22927e-48 0 0
13.288 5.20746e-48 0 0
13.316 5.18563e-48 0 0
13.344 5.1638e-48 0 0
13.372 5.14197e-48 0 0
13.4 5.12014e-48 0 0
13.428 5.09833e-48 0 0
13.456 5.07652e-48 0 0
13.484 5.05473e-48 0 0
13.512 5.03296e-48 0 0
13.54 5.01122e-48 0 0
13.568 4.98952e-48 0 0
13.596 4.96785e-48 0 0
13.624 4.94622e-48 0 0
13.652 4.92464e-48 0 0
13.68 4.9031e-48 0 0
13.708 4.88163e-48 0 0
13.736 4.86021e-48 0 0
13.764 4.83885e-48 0 0
13.792 4.81756e-48 0 0
13.82 4.79634e-48 0 0
13.848 4.7752e-48 0 0
13.876 4.75414e-48 0 0
13.904 4.73316e-48 0 0
13.932 4.71226e-48 0 0
13.96 4.69146e-48 0 0
13.988 4.67075e-48 0 0
14.016 4.65014e-48 0 0
14.044 4.62963e-48 0 0
14.072 4.60922e-48 0 0
14.1 4.58892e-48 0 0
14.128 4.56873e-48 0 0
14.156 4.54866e-48 0 0
14.184 4.52871e-48 0 0
14.212 4.50888e-48 0 0
14.24 4.48917e-48 0 0
14.268 4.46959e-48 0 0
14.296 4.45013e-48 0 0
14.324 4.43081e-48 0 0
14.352 4.41163e-48 0 0
14.38 4.39259e-48 0 0
14.408 4.37368e-48 0 0
14.436 4.35492e-48 0 0
14.464 4.33631e-48 0 0
14.492 4.31784e-48 0 0
14.52 4.29953e-48 0 0
14.548 4.28136e-48 0 0
14.576 4.26336e-48 0 0
14.604 4.24551e-48 0 0
14.632 4.22782e-48 0 0
14.66 4.2103e-48 0 0
14.688 4.19294e-48 0 0
14.716 4.17574e-48 0 0
14.744 4.15872e-48 0 0
14.772 4.14186e-48 0 0
14.8 4.12518e-48 0 0
14.828 4.10866e-48 0 0
14.856 4.09233e-48 0 0
14.884 4.07617e-48 0 0
14.912 4.06019e-48 0 0
14.94 4.04439e-48 0 0
14.968 4.02877e-48 0 0
14.996 4.01333e-48 0 0
15.024 3.99808e-48 0 0
15.052 3.98301e-48 0 0
15.08 3.96813e-48 0 0
15.108 3.95344e-48 0 0
15.136 3.93894e-48 0 0
15.164 3.92463e-48 0 0
15.192 3.9105e-48 0 0
15.22 3.89657e-48 0 0
15.248 3.88284e-48 0 0
15.276 3.86929e-48 0 0
15.304 3.85595e-48 0 0
15.332 3.84279e-48 0 0
15.36 3.82984e-48 0 0
15.388 3.81708e-48 0 0
15.416 3.80452e-48 0 0
15.444 3.79215e-48 0 0
15.472 3.77999e-48 0 0
15.5 3.76802e-48 0 0
15.528 3.75625e-48 0 0
15.556 3.74468e-48 0 0
15.584 3.73332e-48 0 0
15.612 3.72215e-48 0 0
15.64 3.71118e-48 0 0
15.668 3.70042e-48 0 0
15.696 3.68985e-48 0 0
15.724 3.67949e-48 0 0
15.752 3.66933e-48 0 0
15.78 3.65937e-48 0 0
15.808 3.64961e-48 0 0
15.836 3.64005e-48 0 0
15.864 3.63069e-48 0 0
15.892 3.62154e-48 0 0
15.92 3.61258e-48 0 0
15.948 3.60383e-48 0 0
15.976 3.59527e-48 0 0
16.004 3.58692e-48 0 0
16.032 3.57877e-48 0 0
16.06 3.57081e-48 0 0
16.088 3.56305e-48 0 0
16.116 3.5555e-48 0 0
16.144 3.54814e-48 0 0
16.172 3.54097e-48 0 0
16.2 3.53401e-48 0 0
16.228 3.52724e-48 0 0
16.256 3.52067e-48 0 0
16.284 3.51429e-48 0 0
16.312 3.50811e-48 0 0
16.34 3.50212e-48 0 0
16.368 3.49632e-48 0 0
16.396 3.49072e-48 0 0
16.424 3.4853e-48 0 0
16.452 3.48008e-48 0 0
16.48 3.47505e-48 0 0
16.508 3.4702e-48 0 0
16.536 3.46555e-48 0 0
16.564 3.46108e-48 0 0
16.592 3.4568e-48 0 0
16.62 3.4527e-48 0 0
16.648 3.44879e-48 0 0
16.676 3.44506e-48 0 0
16.704 3.44151e-48 0 0
16.732 3.43814e-48 0 0
16.76 3.43496e-48 0 0
16.788 3.43195e-48 0 0
16.816 3.42912e-48 0 0
16.844 3.42646e-48 0 0
16.872 3.42398e-48 0 0
16.9 3.42168e-48 0 0
16.928 3.41954e-48 0 0
16.956 3.41758e-48 0 0
16.984 3.41579e-48 0 0
17.012 3.41417e-48 0 0
17.04 3.41271e-48 0 0
17.068 3.41142e-48 0 0
17.096 3.4103e-48 0 0
17.124 3.40933e-48 0 0
17.152 3.40853e-48 0 0
17.18 3.40789e-48 0 0
17.208 3.40741e-48 0 0
17.236 3.40709e-48 0 0
17.264 3.40692e-48 0 0
17.292 3.40691e-48 0 0
17.32 3.40705e-48 0 0
17.348 3.40734e-48 0 0
17.376 3.40778e-48 0 0
17.404 3.40837e-48 0 0
17.432 3.4091e-48 0 0
17.46 3.40998e-48 0 0
17.488 3.41101e-48 0 0
17.516 3.41218e-48 0 0
17.544 3.41348e-48 0 0
17.572 3.41493e-48 0 0
17.6 3.41651e-48 0 0
17.628 3.41823e-48 0 0
17.656 3.42008e-48 0 0
17.684 3.42207e-48 0 0
17.712 3.42418e-48 0 0
17.74 3.42642e-48 0 0
17.768 3.42879e-48 0 0
17.796 3.43129e-48 0 0
17.824 3.43391e-48 0 0
17.852 3.43665e-48 0 0
17.88 3.43951e-48 0 0
17.908 3.44249e-48 0 0
17.936 3.44559e-48 0 0
17.964 3.4488e-48 0 0
17.992 3.45212e-48 0 0
18.02 3.45556e-48 0 0
18.048 3.4591e-48 0 0
18.076 3.46275e-48 0 0
18.104 3.46651e-48 0 0
18.132 3.47037e-48 0 0
18.16 3.47434e-48 0 0
18.188 3.4784e-48 0 0
18.216 3.48257e-48 0 0
18.244 3.48683e-48 0 0
18.272 3.49118e-48 0 0
18.3 3.49563e-48 0 0
18.328 3.50017e-48 0 0
18.356 3.5048e-48 0 0
18.384 3.50952e-48 0 0
18.412 3.51432e-48 0 0
18.44 3.51921e-48 0 0
18.468 3.52418e-48 0 0
18.496 3.52923e-48 0 0
18.524 3.53436e-48 0 0
18.552 3.53957e-48 0 0
18.58 3.54485e-48 0 0
18.608 3.5502e-48 0 0
18.636 3.55563e-48 0 0
18.664 3.56112e-48 0 0
18.692 3.56668e-48 0 0
18.72 3.57231e-48 0 0
18.748 3.578e-48 0 0
18.776 3.58376e-48 0 0
18.804 3.58957e-48 0 0
18.832 3.59545e-48 0 0
18.86 3.60138e-48 0 0
18.888 3.60736e-48 0 0
18.916 3.6134e-48 0 0
18.944 3.61949e-48 0 0
18.972 3.62562e-48 0 0
19 3.63181e-48 0 0
19.028 3.63804e-48 0 0
19.056 3.64432e-48 0 0
19.084 3.65063e-48 0 0
19.112 3.65699e-48 0 0
19.14 3.66339e-48 0 0
19.168 3.66982e-48 0 0
19.196 3.67629e-48 0 0
19.224 3.68279e-48 0 0
19.252 3.68932e-48 0 0
19.28 3.69589e-48 0 0
19.308 3.70248e-48 0 0
19.336 3.70909e-48 0 0
19.364 3.71573e-48 0 0
19.392 3.7224e-48 0 0
19.42 3.72908e-48 0 0
19.448 3.73579e-48 0 0
19.476 3.74251e-48 0 0
19.504 3.74924e-48 0 0
19.532 3.75599e-48 0 0
19.56 3.76276e-48 0 0
19.588 3.76953e-48 0 0
19.616 3.77631e-48 0 0
19.644 3.7831e-48 0 0
19.672 3.7899e-48 0 0
19.7 3.7967e-48 0 0
19.728 3.8035e-48 0 0
19.756 3.8103e-48 0 0
19.784 3.8171e-48 0 0
19.812 3.8239e-48 0 0
19.84 3.8307e-48 0 0
19.868 3.83748e-48 0 0
19.896 3.84426e-48 0 0
19.924 3.85104e-48 0 0
19.952 3.8578e-48 0 0
19.98 3.86454e-48 0 0
20.008 3.87128e-48 0 0
20.036 3.878e-48 0 0
20.064 3.8847e-48 0 0
20.092 3.89138e-48 0 0
20.12 3.89805e-48 0 0
20.148 3.90469e-48 0 0
20.176 3.9113e-48 0 0
20.204 3.9179e-48 0 0
20.232 3.92447e-48 0 0
20.26 3.931e-48 0 0
20.288 3.93751e-48 0 0
20.316 3.94399e-48 0 0
20.344 3.95044e-48 0 0
20.372 3.95686e-48 0 0
20.4 3.96323e-48 0 0
20.428 3.96958e-48 0 0
20.456 3.97588e-48 0 0
20.484 3.98215e-48 0 0
20.512 3.98837e-48 0 0
20.54 3.99455e-48 0 0
20.568 4.00069e-48 0 0
20.596 4.00679e-48 0 0
20.624 4.01284e-48 0 0
20.652 4.01884e-48 0 0
20.68 4.02479e-48 0 0
20.708 4.03069e-48 0 0
20.736 4.03654e-48 0 0
20.764 4.04234e-48 0 0
20.792 4.04808e-48 0 0
20.82 4.05377e-48 0 0
20.848 4.0594e-48 0 0
20.876 4.06497e-48 0 0
20.904 4.07049e-48 0 0
20.932 4.07594e-48 0 0
20.96 4.08133e-48 0 0
20.988 4.08666e-48 0 0
21.016 4.09193e-48 0 0
21.044 4.09713e-48 0 0
21.072 4.10226e-48 0 0
21.1 4.10733e-48 0 0
21.128 4.11233e-48 0 0
21.156 4.11726e-48 0 0
21.184 4.12212e-48 0 0
21.212 4.1269e-48 0 0
21.24 4.13161e-48 0 0
21.268 4.13625e-48 0 0
21.296 4.14082e-48 0 0
21.324 4.1453e-48 0 0
21.352 4.14971e-48 0 0
21.38 4.15404e-48 0 0
21.408 4.15829e-48 0 0
21.436 4.16246e-48 0 0
21.464 4.16655e-48 0 0
21.492 4.17056e-48 0 0
21.52 4.17449e-48 0 0
21.548 4.17832e-48 0 0
21.576 4.18208e-48 0 0
21.604 4.18575e-48 0 0
21.632 4.18933e-48 0 0
21.66 4.19282e-48 0 0
21.688 4.19622e-48 0 0
21.716 4.19953e-48 0 0
21.744 4.20276e-48 0 0
21.772 4.20589e-48 0 0
21.8 4.20892e-48 0 0
21.828 4.21187e-48 0 0
21.856 4.21472e-48 0 0
21.884 4.21747e-48 0 0
21.912 4.22013e-48 0 0
21.94 4.22269e-48 0 0
21.968 4.22516e-48 0 0
21.996 4.22753e-48 0 0
22.024 4.22979e-48 0 0
22.052 4.23196e-48 0 0
22.08 4.23403e-48 0 0
22.108 4.23599e-48 0 0
22.136 4.23786e-48 0 0
22.164 4.23962e-48 0 0
22.192 4.24128e-48 0 0
22.22 4.24283e-48 0 0
22.248 4.24428e-48 0 0
22.276 4.24562e-48 0 0
22.304 4.24686e-48 0 0
22.332 4.24799e-48 0 0
22.36 4.24901e-48 0 0
22.388 4.24993e-48 0 0
22.416 4.25074e-48 0 0
22.444 4.25143e-48 0 0
22.472 4.25202e-48 0 0
22.5 4.2525e-48 0 0
22.528 4.25287e-48 0 0
22.556 4.25312e-48 0 0
22.584 4.25327e-48 0 0
22.612 4.2533e-48 0 0
22.64 4.25322e-48 0 0
22.668 4.25302e-48 0 0
22.696 4.25271e-48 0 0
22.724 4.25229e-48 0 0
22.752 4.25175e-48 0 0
22.78 4.2511e-48 0 0
22.808 4.25033e-48 0 0
22.836 4.24944e-48 0 0
22.864 4.24844e-48 0 0
22.892 4.24732e-48 0 0
22.92 4.24609e-48 0 0
22.948 4.24473e-48 0 0
22.976 4.24326e-48 0 0
23.004 4.24167e-48 0 0
23.032 4.23996e-48 0 0
23.06 4.23814e-48 0 0
23.088 4.23619e-48 0 0
23.116 4.23412e-48 0 0
23.144 4.23193e-48 0 0
23.172 4.22962e-48 0 0
23.2 4.22719e-48 0 0
23.228 4.22464e-48 0 0
23.256 4.22197e-48 0 0
23.284 4.21918e-48 0 0
23.312 4.21627e-48 0 0
23.34 4.21323e-48 0 0
23.368 4.21007e-48 0 0
23.396 4.20679e-48 0 0
23.424 4.20338e-48 0 0
23.452 4.19986e-48 0 0
23.48 4.1962e-48 0 0
23.508 4.19243e-48 0 0
23.536 4.18853e-48 0 0
23.564 4.18451e-48 0 0
23.592 4.18037e-48 0 0
23.62 4.1761e-48 0 0
23.648 4.17171e-48 0 0
23.676 4.16719e-48 0 0
23.704 4.16255e-48 0 0
23.732 4.15778e-48 0 0
23.76 4.15289e-48 0 0
23.788 4.14787e-48 0 0
23.816 4.14273e-48 0 0
23.844 4.13747e-48 0 0
23.872 4.13208e-48 0 0
23.9 4.12656e-48 0 0
23.928 4.12092e-48 0 0
23.956 4.11516e-48 0 0
23.984 4.10927e-48 0 0
24.012 4.10325e-48 0 0
24.04 4.09711e-48 0 0
24.068 4.09085e-48 0 0
24.096 4.08446e-48 0 0
24.124 4.07794e-48 0 0
24.152 4.0713e-48 0 0
24.18 4.06454e-48 0 0
24.208 4.05764e-48 0 0
24.236 4.05063e-48 0 0
24.264 4.04349e-48 0 0
24.292 4.03622e-48 0 0
24.32 4.02883e-48 0 0
24.348 4.02131e-48 0 0
24.376 4.01367e-48 0 0
24.404 4.00591e-48 0 0
24.432 3.99802e-48 0 0
24.46 3.99e-48 0 0
24.488 3.98186e-48 0 0
24.516 3.9736e-48 0 0
24.544 3.96521e-48 0 0
24.572 3.9567e-48 0 0
24.6 3.94806e-48 0 0
24.628 3.9393e-48 0 0
24.656 3.93042e-48 0 0
24.684 3.92141e-48 0 0
24.712 3.91228e-48 0 0
24.74 3.90302e-48 0 0
24.768 3.89364e-48 0 0
24.796 3.88414e-48 0 0
24.824 3.87452e-48 0 0
24.852 3.86477e-48 0 0
24.88 3.8549e-48 0 0
24.908 3.84491e-48 0 0
24.936 3.83479e-48 0 0
24.964 3.82456e-48 0 0
24.992 3.8142e-48 0 0
25.02 3.80372e-48 0 0
25.048 3.79312e-48 0 0
25.076 3.78239e-48 0 0
25.104 3.77155e-48 0 0
25.132 3.76058e-48 0 0
25.16 3.74949e-48 0 0
25.188 3.73829e-48 0 0
25.216 3.72696e-48 0 0
25.244 3.71551e-48 0 0
25.272 3.70394e-48 0 0
25.3 3.69226e-48 0 0
25.328 3.68045e-48 0 0
25.356 3.66852e-48 0 0
25.384 3.65648e-48 0 0
25.412 3.64431e-48 0 0
25.44 3.63203e-48 0 0
25.468 3.61963e-48 0 0
25.496 3.6071e-48 0 0
25.524 3.59447e-48 0 0
25.552 3.58171e-48 0 0
25.58 3.56884e-48 0 0
25.608 3.55584e-48 0 0
25.636 3.54274e-48 0 0
25.664 3.52951e-48 0 0
25.692 3.51617e-48 0 0
25.72 3.50271e-48 0 0
25.748 3.48913e-48 0 0
25.776 3.47544e-48 0 0
25.804 3.46163e-48 0 0
25.832 3.44771e-48 0 0
25.86 3.43367e-48 0 0
25.888 3.41952e-48 0 0
25.916 3.40525e-48 0 0
25.944 3.39086e-48 0 0
25.972 3.37636e-48 0 0
26 3.36175e-48 0 0
26.028 3.34702e-48 0 0
26.056 3.33217e-48 0 0
26.084 3.31722e-48 0 0
26.112 3.30215e-48 0 0
26.14 3.28696e-48 0 0
26.168 3.27166e-48 0 0
26.196 3.25625e-48 0 0
26.224 3.24072e-48 0 0
26.252 3.22508e-48 0 0
26.28 3.20933e-48 0 0
26.308 3.19347e-48 0 0
26.336 3.17749e-48 0 0
26.364 3.1614e-48 0 0
26.392 3.14519e-48 0 0
26.42 3.12887e-48 0 0
26.448 3.11244e-48 0 0
26.476 3.0959e-48 0 0
26.504 3.07925e-48 0 0
26.532 3.06248e-48 0 0
26.56 3.0456e-48 0 0
26.588 3.0286e-48 0 0
26.616 3.01149e-48 0 0
26.644 2.99427e-48 0 0
26.672 2.97694e-48 0 0
26.7 2.9595e-48 0 0
26.728 2.94194e-48 0 0
26.756 2.92426e-48 0 0
26.784 2.90648e-48 0 0
26.812 2.88858e-48 0 0
26.84 2.87057e-48 0 0
26.868 2.85244e-48 0 0
26.896 2.8342e-48 0 0
26.924 2.81584e-48 0 0
26.952 2.79737e-48 0 0
26.98 2.77878e-48 0 0
27.008 2.76008e-48 0 0
27.036 2.74126e-48 0 0
27.064 2.72232e-48 0 0
27.092 2.70327e-48 0 0
27.12 2.6841e-48 0 0
27.148 2.66481e-48 0 0
27.176 2.6454e-48 0 0
27.204 2.62588e-48 0 0
27.232 2.60623e-48 0 0
27.26 2.58646e-48 0 0
27.288 2.56657e-48 0 0
27.316 2.54656e-48 0 0
27.344 2.52642e-48 0 0
27.372 2.50616e-48 0 0
27.4 2.48578e-48 0 0
27.428 2.46527e-48 0 0
27.456 2.44463e-48 0 0
27.484 2.42386e-48 0 0
27.512 2.40296e-48 0 0
27.54 2.38193e-48 0 0
27.568 2.36076e-48 0 0
27.596 2.33946e-48 0 0
27.624 2.31803e-48 0 0
27.652 2.29645e-48 0 0
27.68 2.27474e-48 0 0
27.708 2.25288e-48 0 0
27.736 2.23088e-48 0 0
27.764 2.20873e-48 0 0
27.792 2.18643e-48 0 0
27.82 2.16398e-48 0 0
27.848 2.14138e-48 0 0
27.876 2.11862e-48 0 0
27.904 2.09569e-48 0 0
27.932 2.07261e-48 0 0
27.96 2.04936e-48 0 0
27.988 2.02593e-48 0 0
28.016 2.00233e-48 0 0
28.044 1.97855e-48 0 0
28.072 1.95459e-48 0 0
28.1 1.93044e-48 0 0
28.128 1.90609e-48 0 0
28.156 1.88155e-48 0 0
28.184 1.8568e-48 0 0
28.212 1.83184e-48 0 0
28.24 1.80666e-48 0 0
28.268 1.78126e-48 0 0
28.296 1.75562e-48 0 0
28.324 1.72974e-48 0 0
28.352 1.70361e-48 0 0
28.38 1.67722e-48 0 0
28.408 1.65056e-48 0 0
28.436 1.62362e-48 0 0
28.464 1.59639e-48 0 0
28.492 1.56885e-48 0 0
28.52 1.54098e-48 0 0
28.548 1.51278e-48 0 0
28.576 1.48423e-48 0 0
28.604 1.4553e-48 0 0
28.632 1.42598e-48 0 0
28.66 1.39624e-48 0 0
28.688 1.36606e-48 0 0
28.716 1.3354e-48 0 0
28.744 1.30425e-48 0 0
28.772 1.27257e-48 0 0
28.8 1.2403e-48 0 0
28.828 1.20743e-48 0 0
28.856 1.17388e-48 0 0
28.884 1.13961e-48 0 0
28.912 1.10454e-48 0 0
28.94 1.06861e-48 0 0
28.968 1.03173e-48 0 0
28.996 9.93792e-49 0 0
29.024 9.54669e-49 0 0
29.052 9.14216e-49 0 0
29.08 8.72248e-49 0 0
29.108 8.28538e-49 0 0
29.136 7.82797e-49 0 0
29.164 7.34649e-49 0 0
29.192 6.83587e-49 0 0
29.22 6.28905e-49 0 0
29.248 5.69563e-49 0 0
29.276 5.03923e-49 0 0
29.304 4.29108e-49 0 0
29.332 3.391e-49 0 0
29.36 2.15659e-49 0 0
29.388 -nan 0 0
29.416 -nan 0 0
29.444 -nan 0 0
29.472 -nan 0 0
29.5 -nan 0 0
29.528 -nan 0 0
29.556 -nan 0 0
29.584 -nan 0 0
29.612 -nan 0 0
29.64 -nan 0 0
29.668 -nan 0 0
29.696 -nan 0 0
29.724 -nan 0 0
29.752 -nan 0 0
29.78 -nan 0 0
29.808 -nan 0 0
29.836 -nan 0 0
29.864 -nan 0 0
29.892 -nan 0 0
29.92 -nan 0 0
29.948 -nan 0 0
29.976 -nan 0 0
30.004 -nan 0 0
30.032 -nan 0 0
30.06 -nan 0 0
30.088 -nan 0 0
30.116 -nan 0 0
30.144 -nan 0 0
30.172 -nan 0 0
30.2 -nan 0 0
30.228 -nan 0 0
30.256 -nan 0 0
30.284 -nan 0 0
30.312 -nan 0 0
30.34 -nan 0 0
30.368 -nan 0 0
30.396 -nan 0 0
30.424 -nan 0 0
30.452 -nan 0 0
30.48 -nan 0 0
30.508 -nan 0 0
30.536 -nan 0 0
30.564 -nan 0 0
30.592 -nan 0 0
30.62 -nan 0 0
30.648 -nan 0 0
30.676 -nan 0 0
30.704 -nan 0 0
30.732 -nan 0 0
30.76 -nan 0 0
30.788 -nan 0 0
30.816 -nan 0 0
30.844 -nan 0 0
30.872 -nan 0 0
30.9 -nan 0 0
30.928 -nan 0 0
30.956 -nan 0 0
30.984 -nan 0 0
31.012 -nan 0 0
31.04 -nan 0 0
31.068 -nan 0 0
31.096 -nan 0 0
31.124 -nan 0 0
31.152 -nan 0 0
31.18 -nan 0 0
31.208 -nan 0 0
31.236 -nan 0 0
31.264 -nan 0 0
31.292 -nan 0 0
31.32 -nan 0 0
31.348 -nan 0 0
31.376 -nan 0 0
31.404 -nan 0 0
31.432 -nan 0 0
31.46 -nan 0 0
31.488 -nan 0 0
31.516 -nan 0 0
31.544 -nan 0 0
31.572 -nan 0 0
31.6 -nan 0 0
31.628 -nan 0 0
31.656 -nan 0 0
31.684 -nan 0 0
31.712 -nan 0 0
31.74 -nan 0 0
31.768 -nan 0 0
31.796 -nan 0 0
31.824 -nan 0 0
31.852 -nan 0 0
31.88 -nan 0 0
31.908 -nan 0 0
31.936 -nan 0 0
31.964 -nan 0 0
31.992 -nan 0 0
32.02 -nan 0 0
32.048 -nan 0 0
32.076 -nan 0 0
32.104 -nan 0 0
32.132 -nan 0 0
32.16 -nan 0 0
32.188 -nan 0 0
32.216 -nan 0 0
32.244 -nan 0 0
32.272 -nan 0 0
32.3 -nan 0 0
32.328 -nan 0 0
32.356 -nan 0 0
32.384 -nan 0 0
32.412 -nan 0 0
32.44 -nan 0 0
32.468 -nan 0 0
32.496 -nan 0 0
32.524 -nan 0 0
32.552 -nan 0 0
32.58 -nan 0 0
32.608 -nan 0 0
32.636 -nan 0 0
32.664 -nan 0 0
32.692 -nan 0 0
32.72 -nan 0 0
32.748 -nan 0 0
32.776 -nan 0 0
32.804 -nan 0 0
32.832 -nan 0 0
32.86 -nan 0 0
32.888 -nan 0 0
32.916 -nan 0 0
32.944 -nan 0 0
32.972 -nan 0 0
