5 1.87998e-50 0 0
5.028 2.09403e-50 0 0
5.056 2.32779e-50 0 0
5.084 2.58191e-50 0 0
5.112 2.85687e-50 0 0
5.14 3.15294e-50 0 0
5.168 3.47021e-50 0 0
5.196 3.80855e-50 0 0
5.224 4.16765e-50 0 0
5.252 4.54705e-50 0 0
5.28 4.94616e-50 0 0
5.308 5.36432e-50 0 0
5.336 5.80088e-50 0 0
5.364 6.25524e-50 0 0
5.392 6.72697e-50 0 0
5.42 7.21587e-50 0 0
5.448 7.72208e-50 0 0
5.476 8.24617e-50 0 0
5.504 8.7892e-50 0 0
5.532 9.35284e-50 0 0
5.56 9.93941e-50 0 0
5.588 1.05519e-49 0 0
5.616 1.11941e-49 0 0
5.644 1.18703e-49 0 0
5.672 1.25856e-49 0 0
5.7 1.33459e-49 0 0
5.728 1.41571e-49 0 0
5.756 1.50259e-49 0 0
5.784 1.5959e-49 0 0
5.812 1.69631e-49 0 0
5.84 1.80447e-49 0 0
5.868 1.92099e-49 0 0
5.896 2.0464e-49 0 0
5.924 2.18114e-49 0 0
5.952 2.32554e-49 0 0
5.98 2.47978e-49 0 0
6.008 2.64389e-49 0 0
6.036 2.81773e-49 0 0
6.064 3.00098e-49 0 0
6.092 3.19314e-49 0 0
6.12 3.39351e-49 0 0
6.148 3.60124e-49 0 0
6.176 3.81533e-49 0 0
6.204 4.03463e-49 0 0
6.232 4.25791e-49 0 0
6.26 4.48387e-49 0 0
6.288 4.7112e-49 0 0
6.316 4.93863e-49 0 0
6.344 5.16495e-49 0 0
6.372 5.38909e-49 0 0
6.4 5.61017e-49 0 0
6.428 5.82754e-49 0 0
6.456 6.04081e-49 0 0
6.484 6.24993e-49 0 0
6.512 6.45518e-49 0 0
6.54 6.65718e-49 0 0
6.568 6.85694e-49 0 0
6.596 7.05584e-49 0 0
6.624 7.25559e-49 0 0
6.652 7.45822e-49 0 0
6.68 7.66602e-49 0 0
6.708 7.88151e-49 0 0
6.736 8.10731e-49 0 0
6.764 8.34616e-49 0 0
6.792 8.60071e-49 0 0
6.82 8.87354e-49 0 0
6.848 9.16698e-49 0 0
6.876 9.48309e-49 0 0
6.904 9.82348e-49 0 0
6.932 1.01893e-48 0 0
6.96 1.05812e-48 0 0
6.988 1.09992e-48 0 0
7.016 1.14425e-48 0 0
7.044 1.19099e-48 0 0
7.072 1.23993e-48 0 0
7.1 1.29081e-48 0 0
7.128 1.34331e-48 0 0
7.156 1.39703e-48 0 0
7.184 1.45155e-48 0 0
7.212 1.50641e-48 0 0
7.24 1.56113e-48 0 0
7.268 1.61521e-48 0 0
7.296 1.66817e-48 0 0
7.324 1.71954e-48 0 0
7.352 1.7689e-48 0 0
7.38 1.81587e-48 0 0
7.408 1.86014e-48 0 0
7.436 1.90149e-48 0 0
7.464 1.93978e-48 0 0
7.492 1.97497e-48 0 0
7.52 2.00713e-48 0 0
7.548 2.03643e-48 0 0
7.576 2.06314e-48 0 0
7.604 2.08765e-48 0 0
7.632 2.11044e-48 0 0
7.66 2.13205e-48 0 0
7.688 2.15313e-48 0 0
7.716 2.17434e-48 0 0
7.744 2.19641e-48 0 0
7.772 2.22006e-48 0 0
7.8 2.24601e-48 0 0
7.828 2.27493e-48 0 0
7.856 2.30746e-48 0 0
7.884 2.34414e-48 0 0
7.912 2.38543e-48 0 0
7.94 2.43165e-48 0 0
7.968 2.48301e-48 0 0
7.996 2.53958e-48 0 0
8.024 2.60125e-48 0 0
8.052 2.66778e-48 0 0
8.08 2.73876e-48 0 0
8.108 2.81366e-48 0 0
8.136 2.89178e-48 0 0
8.164 2.97232e-48 0 0
8.192 3.05437e-48 0 0
8.22 3.13696e-48 0 0
8.248 3.21903e-48 0 0
8.276 3.29954e-48 0 0
8.304 3.37743e-48 0 0
8.332 3.4517e-48 0 0
8.36 3.52139e-48 0 0
8.388 3.58567e-48 0 0
8.416 3.64383e-48 0 0
8.444 3.6953e-48 0 0
8.472 3.7397e-48 0 0
8.5 3.77683e-48 0 0
8.528 3.8067e-48 0 0
8.556 3.82951e-48 0 0
8.584 3.84568e-48 0 0
8.612 3.85582e-48 0 0
8.64 3.86072e-48 0 0
8.668 3.86135e-48 0 0
8.696 3.85882e-48 0 0
8.724 3.85433e-48 0 0
8.752 3.84919e-48 0 0
8.78 3.84472e-48 0 0
8.808 3.84227e-48 0 0
8.836 3.84315e-48 0 0
8.864 3.84858e-48 0 0
8.892 3.85967e-48 0 0
8.92 3.8774e-48 0 0
8.948 3.90255e-48 0 0
8.976 3.93569e-48 0 0
9.004 3.97717e-48 0 0
9.032 4.02708e-48 0 0
9.06 4.08528e-48 0 0
9.088 4.15136e-48 0 0
9.116 4.22465e-48 0 0
9.144 4.30426e-48 0 0
9.172 4.38909e-48 0 0
9.2 4.47783e-48 0 0
9.228 4.56905e-48 0 0
9.256 4.66118e-48 0 0
9.284 4.75258e-48 0 0
9.312 4.84161e-48 0 0
9.34 4.92662e-48 0 0
9.368 5.00605e-48 0 0
9.396 5.07845e-48 0 0
9.424 5.14253e-48 0 0
9.452 5.19719e-48 0 0
9.48 5.24158e-48 0 0
9.508 5.27509e-48 0 0
9.536 5.29742e-48 0 0
9.564 5.30854e-48 0 0
9.592 5.30875e-48 0 0
9.62 5.29862e-48 0 0
9.648 5.27902e-48 0 0
9.676 5.25107e-48 0 0
9.704 5.21615e-48 0 0
9.732 5.17583e-48 0 0
9.76 5.13182e-48 0 0
9.788 5.08597e-48 0 0
9.816 5.04016e-48 0 0
9.844 4.99629e-48 0 0
9.872 4.95622e-48 0 0
9.9 4.9217e-48 0 0
9.928 4.89432e-48 0 0
9.956 4.87549e-48 0 0
9.984 4.86636e-48 0 0
10.012 4.8678e-48 0 0
10.04 4.88039e-48 0 0
10.068 4.90438e-48 0 0
10.096 4.93968e-48 0 0
10.124 4.98587e-48 0 0
10.152 5.04218e-48 0 0
10.18 5.10757e-48 0 0
10.208 5.18067e-48 0 0
10.236 5.25991e-48 0 0
10.264 5.34348e-48 0 0
10.292 5.42943e-48 0 0
10.32 5.5157e-48 0 0
10.348 5.60021e-48 0 0
10.376 5.68085e-48 0 0
10.404 5.75562e-48 0 0
10.432 5.82265e-48 0 0
10.46 5.88023e-48 0 0
10.488 5.9269e-48 0 0
10.516 5.96148e-48 0 0
10.544 5.98309e-48 0 0
10.572 5.99121e-48 0 0
10.6 5.98565e-48 0 0
10.628 5.96659e-48 0 0
10.656 5.9346e-48 0 0
10.684 5.89055e-48 0 0
10.712 5.83568e-48 0 0
10.74 5.77149e-48 0 0
10.768 5.69975e-48 0 0
10.796 5.62243e-48 0 0
10.824 5.54164e-48 0 0
10.852 5.45961e-48 0 0
10.88 5.37856e-48 0 0
10.908 5.30071e-48 0 0
10.936 5.22818e-48 0 0
10.964 5.16292e-48 0 0
10.992 5.10671e-48 0 0
11.02 5.06104e-48 0 0
11.048 5.0271e-48 0 0
11.076 5.00577e-48 0 0
11.104 4.99755e-48 0 0
11.132 5.00258e-48 0 0
11.16 5.0206e-48 0 0
11.188 5.05099e-48 0 0
11.216 5.09279e-48 0 0
11.244 5.14468e-48 0 0
11.272 5.20507e-48 0 0
11.3 5.27211e-48 0 0
11.328 5.34374e-48 0 0
11.356 5.41776e-48 0 0
11.384 5.49192e-48 0 0
11.412 5.5639e-48 0 0
11.44 5.63146e-48 0 0
11.468 5.69246e-48 0 0
11.496 5.74492e-48 0 0
11.524 5.78708e-48 0 0
11.552 5.81746e-48 0 0
11.58 5.83487e-48 0 0
11.608 5.8385e-48 0 0
11.636 5.82788e-48 0 0
11.664 5.80292e-48 0 0
11.692 5.76393e-48 0 0
11.72 5.71159e-48 0 0
11.748 5.64692e-48 0 0
11.776 5.57128e-48 0 0
11.804 5.48632e-48 0 0
11.832 5.39395e-48 0 0
11.86 5.29624e-48 0 0
11.888 5.19543e-48 0 0
11.916 5.09381e-48 0 0
11.944 4.9937e-48 0 0
11.972 4.89736e-48 0 0
12 4.80693e-48 0 0
12.028 4.7244e-48 0 0
12.056 4.65151e-48 0 0
12.084 4.58975e-48 0 0
12.112 4.54028e-48 0 0
12.14 4.50393e-48 0 0
12.168 4.48117e-48 0 0
12.196 4.47206e-48 0 0
12.224 4.47633e-48 0 0
12.252 4.49332e-48 0 0
12.28 4.522e-48 0 0
12.308 4.56105e-48 0 0
12.336 4.60887e-48 0 0
12.364 4.66359e-48 0 0
12.392 4.72317e-48 0 0
12.42 4.78546e-48 0 0
12.448 4.8482e-48 0 0
12.476 4.90916e-48 0 0
12.504 4.96612e-48 0 0
12.532 5.017e-48 0 0
12.56 5.05989e-48 0 0
12.588 5.09307e-48 0 0
12.616 5.11513e-48 0 0
12.644 5.12491e-48 0 0
12.672 5.12161e-48 0 0
12.7 5.1048e-48 0 0
12.728 5.07438e-48 0 0
12.756 5.03063e-48 0 0
12.784 4.97417e-48 0 0
12.812 4.90599e-48 0 0
12.84 4.82736e-48 0 0
12.868 4.73984e-48 0 0
12.896 4.64519e-48 0 0
12.924 4.5454e-48 0 0
12.952 4.44254e-48 0 0
12.98 4.33879e-48 0 0
13.008 4.23631e-48 0 0
13.036 4.13724e-48 0 0
13.064 4.04361e-48 0 0
13.092 3.95727e-48 0 0
13.12 3.87991e-48 0 0
13.148 3.81292e-48 0 0
13.176 3.75746e-48 0 0
13.204 3.71432e-48 0 0
13.232 3.68401e-48 0 0
13.26 3.66665e-48 0 0
13.288 3.66205e-48 0 0
13.316 3.66965e-48 0 0
13.344 3.68859e-48 0 0
13.372 3.71771e-48 0 0
13.4 3.75558e-48 0 0
13.428 3.80056e-48 0 0
13.456 3.85083e-48 0 0
13.484 3.90441e-48 0 0
13.512 3.9593e-48 0 0
13.54 4.01342e-48 0 0
13.568 4.06478e-48 0 0
13.596 4.11145e-48 0 0
13.624 4.15162e-48 0 0
13.652 4.18371e-48 0 0
13.68 4.20632e-48 0 0
13.708 4.21835e-48 0 0
13.736 4.21897e-48 0 0
13.764 4.20766e-48 0 0
13.792 4.18423e-48 0 0
13.82 4.14879e-48 0 0
13.848 4.1018e-48 0 0
13.876 4.04401e-48 0 0
13.904 3.97645e-48 0 0
13.932 3.90041e-48 0 0
13.96 3.81738e-48 0 0
13.988 3.72906e-48 0 0
14.016 3.63725e-48 0 0
14.044 3.54384e-48 0 0
14.072 3.45077e-48 0 0
14.1 3.35994e-48 0 0
14.128 3.27319e-48 0 0
14.156 3.19224e-48 0 0
14.184 3.11866e-48 0 0
14.212 3.05381e-48 0 0
14.24 2.99881e-48 0 0
14.268 2.95455e-48 0 0
14.296 2.92159e-48 0 0
14.324 2.90023e-48 0 0
14.352 2.89046e-48 0 0
14.38 2.89197e-48 0 0
14.408 2.90416e-48 0 0
14.436 2.92617e-48 0 0
14.464 2.95687e-48 0 0
14.492 2.99495e-48 0 0
14.52 3.0389e-48 0 0
14.548 3.08707e-48 0 0
14.576 3.13774e-48 0 0
14.604 3.18911e-48 0 0
14.632 3.23941e-48 0 0
14.66 3.2869e-48 0 0
14.688 3.32992e-48 0 0
14.716 3.36696e-48 0 0
14.744 3.39667e-48 0 0
14.772 3.41791e-48 0 0
14.8 3.42978e-48 0 0
14.828 3.43162e-48 0 0
14.856 3.42303e-48 0 0
14.884 3.40392e-48 0 0
14.912 3.37445e-48 0 0
14.94 3.33506e-48 0 0
14.968 3.28645e-48 0 0
14.996 3.22956e-48 0 0
15.024 3.16554e-48 0 0
15.052 3.09571e-48 0 0
15.08 3.02156e-48 0 0
15.108 2.94467e-48 0 0
15.136 2.86669e-48 0 0
15.164 2.78929e-48 0 0
15.192 2.71412e-48 0 0
15.22 2.64277e-48 0 0
15.248 2.57673e-48 0 0
15.276 2.51734e-48 0 0
15.304 2.46578e-48 0 0
15.332 2.42301e-48 0 0
15.36 2.38977e-48 0 0
15.388 2.36657e-48 0 0
15.416 2.35365e-48 0 0
15.444 2.35099e-48 0 0
15.472 2.35833e-48 0 0
15.5 2.37513e-48 0 0
15.528 2.40065e-48 0 0
15.556 2.43392e-48 0 0
15.584 2.47379e-48 0 0
15.612 2.51893e-48 0 0
15.64 2.56793e-48 0 0
15.668 2.61925e-48 0 0
15.696 2.67134e-48 0 0
15.724 2.72263e-48 0 0
15.752 2.77157e-48 0 0
15.78 2.81672e-48 0 0
15.808 2.85672e-48 0 0
15.836 2.89035e-48 0 0
15.864 2.9166e-48 0 0
15.892 2.93461e-48 0 0
15.92 2.94379e-48 0 0
15.948 2.94374e-48 0 0
15.976 2.93433e-48 0 0
16.004 2.91567e-48 0 0
16.032 2.8881e-48 0 0
16.06 2.85219e-48 0 0
16.088 2.80876e-48 0 0
16.116 2.75877e-48 0 0
16.144 2.70339e-48 0 0
16.172 2.64392e-48 0 0
16.2 2.58174e-48 0 0
16.228 2.51833e-48 0 0
16.256 2.45518e-48 0 0
16.284 2.39379e-48 0 0
16.312 2.3356e-48 0 0
16.34 2.28198e-48 0 0
16.368 2.23417e-48 0 0
16.396 2.19328e-48 0 0
16.424 2.16023e-48 0 0
16.452 2.13576e-48 0 0
16.48 2.12037e-48 0 0
16.508 2.11435e-48 0 0
16.536 2.11776e-48 0 0
16.564 2.1304e-48 0 0
16.592 2.15187e-48 0 0
16.62 2.18153e-48 0 0
16.648 2.21854e-48 0 0
16.676 2.26189e-48 0 0
16.704 2.31041e-48 0 0
16.732 2.3628e-48 0 0
16.76 2.41768e-48 0 0
16.788 2.47361e-48 0 0
16.816 2.52913e-48 0 0
16.844 2.58279e-48 0 0
16.872 2.6332e-48 0 0
16.9 2.67908e-48 0 0
16.928 2.71925e-48 0 0
16.956 2.75269e-48 0 0
16.984 2.77855e-48 0 0
17.012 2.79619e-48 0 0
17.04 2.80518e-48 0 0
17.068 2.80533e-48 0 0
17.096 2.79666e-48 0 0
17.124 2.77943e-48 0 0
17.152 2.75414e-48 0 0
17.18 2.72147e-48 0 0
17.208 2.68231e-48 0 0
17.236 2.63773e-48 0 0
17.264 2.58891e-48 0 0
17.292 2.53718e-48 0 0
17.32 2.48392e-48 0 0
17.348 2.43057e-48 0 0
17.376 2.37857e-48 0 0
17.404 2.32931e-48 0 0
17.432 2.28415e-48 0 0
17.46 2.24432e-48 0 0
17.488 2.21093e-48 0 0
17.516 2.18491e-48 0 0
17.544 2.16702e-48 0 0
17.572 2.15782e-48 0 0
17.6 2.15763e-48 0 0
17.628 2.16655e-48 0 0
17.656 2.18445e-48 0 0
17.684 2.21096e-48 0 0
17.712 2.24552e-48 0 0
17.74 2.28734e-48 0 0
17.768 2.33544e-48 0 0
17.796 2.38871e-48 0 0
17.824 2.44588e-48 0 0
17.852 2.5056e-48 0 0
17.88 2.56644e-48 0 0
17.908 2.62696e-48 0 0
17.936 2.68573e-48 0 0
17.964 2.74135e-48 0 0
17.992 2.79253e-48 0 0
18.02 2.83808e-48 0 0
18.048 2.87696e-48 0 0
18.076 2.90831e-48 0 0
18.104 2.93146e-48 0 0
18.132 2.94598e-48 0 0
18.16 2.95164e-48 0 0
18.188 2.94846e-48 0 0
18.216 2.93668e-48 0 0
18.244 2.91678e-48 0 0
18.272 2.88945e-48 0 0
18.3 2.85558e-48 0 0
18.328 2.81623e-48 0 0
18.356 2.7726e-48 0 0
18.384 2.72603e-48 0 0
18.412 2.67791e-48 0 0
18.44 2.6297e-48 0 0
18.468 2.58285e-48 0 0
18.496 2.53878e-48 0 0
18.524 2.49885e-48 0 0
18.552 2.4643e-48 0 0
18.58 2.43625e-48 0 0
18.608 2.41563e-48 0 0
18.636 2.40321e-48 0 0
18.664 2.3995e-48 0 0
18.692 2.40484e-48 0 0
18.72 2.41928e-48 0 0
18.748 2.44267e-48 0 0
18.776 2.47461e-48 0 0
18.804 2.51448e-48 0 0
18.832 2.56144e-48 0 0
18.86 2.61448e-48 0 0
18.888 2.67243e-48 0 0
18.916 2.73398e-48 0 0
18.944 2.79772e-48 0 0
18.972 2.8622e-48 0 0
19 2.92595e-48 0 0
19.028 2.98749e-48 0 0
19.056 3.04544e-48 0 0
19.084 3.09848e-48 0 0
19.112 3.14544e-48 0 0
19.14 3.1853e-48 0 0
19.168 3.21724e-48 0 0
19.196 3.24065e-48 0 0
19.224 3.25513e-48 0 0
19.252 3.26054e-48 0 0
19.28 3.25696e-48 0 0
19.308 3.24472e-48 0 0
19.336 3.2244e-48 0 0
19.364 3.19676e-48 0 0
19.392 3.16278e-48 0 0
19.42 3.12361e-48 0 0
19.448 3.08053e-48 0 0
19.476 3.03493e-48 0 0
19.504 2.98827e-48 0 0
19.532 2.94204e-48 0 0
19.56 2.89772e-48 0 0
19.588 2.85673e-48 0 0
19.616 2.82042e-48 0 0
19.644 2.79001e-48 0 0
19.672 2.76655e-48 0 0
19.7 2.75093e-48 0 0
19.728 2.7438e-48 0 0
19.756 2.7456e-48 0 0
19.784 2.75654e-48 0 0
19.812 2.77658e-48 0 0
19.84 2.80542e-48 0 0
19.868 2.84253e-48 0 0
19.896 2.88718e-48 0 0
19.924 2.93842e-48 0 0
19.952 2.99511e-48 0 0
19.98 3.05598e-48 0 0
20.008 3.11966e-48 0 0
20.036 3.18466e-48 0 0
20.064 3.2495e-48 0 0
20.092 3.31269e-48 0 0
20.12 3.37276e-48 0 0
20.148 3.42835e-48 0 0
20.176 3.47822e-48 0 0
20.204 3.52127e-48 0 0
20.232 3.55658e-48 0 0
20.26 3.58345e-48 0 0
20.288 3.6014e-48 0 0
20.316 3.6102e-48 0 0
20.344 3.60986e-48 0 0
20.372 3.60062e-48 0 0
20.4 3.58298e-48 0 0
20.428 3.55765e-48 0 0
20.456 3.52557e-48 0 0
20.484 3.48784e-48 0 0
20.512 3.44571e-48 0 0
20.54 3.40056e-48 0 0
20.568 3.35384e-48 0 0
20.596 3.30704e-48 0 0
20.624 3.26166e-48 0 0
20.652 3.21916e-48 0 0
20.68 3.1809e-48 0 0
20.708 3.14814e-48 0 0
20.736 3.12199e-48 0 0
20.764 3.10337e-48 0 0
20.792 3.09301e-48 0 0
20.82 3.09138e-48 0 0
20.848 3.09875e-48 0 0
20.876 3.11512e-48 0 0
20.904 3.14026e-48 0 0
20.932 3.17369e-48 0 0
20.96 3.2147e-48 0 0
20.988 3.26239e-48 0 0
21.016 3.31566e-48 0 0
21.044 3.37326e-48 0 0
21.072 3.43385e-48 0 0
21.1 3.49597e-48 0 0
21.128 3.55814e-48 0 0
21.156 3.61886e-48 0 0
21.184 3.67671e-48 0 0
21.212 3.73029e-48 0 0
21.24 3.77837e-48 0 0
21.268 3.81984e-48 0 0
21.296 3.85377e-48 0 0
21.324 3.87945e-48 0 0
21.352 3.89637e-48 0 0
21.38 3.90428e-48 0 0
21.408 3.90316e-48 0 0
21.436 3.89324e-48 0 0
21.464 3.87499e-48 0 0
21.492 3.84909e-48 0 0
21.52 3.81644e-48 0 0
21.548 3.77812e-48 0 0
21.576 3.73533e-48 0 0
21.604 3.68944e-48 0 0
21.632 3.64185e-48 0 0
21.66 3.59402e-48 0 0
21.688 3.54743e-48 0 0
21.716 3.50349e-48 0 0
21.744 3.46355e-48 0 0
21.772 3.42884e-48 0 0
21.8 3.40043e-48 0 0
21.828 3.37924e-48 0 0
21.856 3.36597e-48 0 0
21.884 3.3611e-48 0 0
21.912 3.36487e-48 0 0
21.94 3.3773e-48 0 0
21.968 3.39816e-48 0 0
21.996 3.42698e-48 0 0
22.024 3.46308e-48 0 0
22.052 3.50558e-48 0 0
22.08 3.55341e-48 0 0
22.108 3.60539e-48 0 0
22.136 3.66018e-48 0 0
22.164 3.7164e-48 0 0
22.192 3.77262e-48 0 0
22.22 3.82741e-48 0 0
22.248 3.87937e-48 0 0
22.276 3.92721e-48 0 0
22.304 3.96971e-48 0 0
22.332 4.00584e-48 0 0
22.36 4.03472e-48 0 0
22.388 4.05567e-48 0 0
22.416 4.06824e-48 0 0
22.444 4.07219e-48 0 0
22.472 4.06753e-48 0 0
22.5 4.05448e-48 0 0
22.528 4.03353e-48 0 0
22.556 4.00533e-48 0 0
22.584 3.97076e-48 0 0
22.612 3.93085e-48 0 0
22.64 3.88677e-48 0 0
22.668 3.83982e-48 0 0
22.696 3.79134e-48 0 0
22.724 3.74271e-48 0 0
22.752 3.69533e-48 0 0
22.78 3.65053e-48 0 0
22.808 3.60956e-48 0 0
22.836 3.57358e-48 0 0
22.864 3.54359e-48 0 0
22.892 3.52041e-48 0 0
22.92 3.50468e-48 0 0
22.948 3.49683e-48 0 0
22.976 3.49706e-48 0 0
23.004 3.50534e-48 0 0
23.032 3.52142e-48 0 0
23.06 3.54485e-48 0 0
23.088 3.57495e-48 0 0
23.116 3.61087e-48 0 0
23.144 3.65161e-48 0 0
23.172 3.696e-48 0 0
23.2 3.74282e-48 0 0
23.228 3.79077e-48 0 0
23.256 3.83849e-48 0 0
23.284 3.88468e-48 0 0
23.312 3.92804e-48 0 0
23.34 3.96738e-48 0 0
23.368 4.00162e-48 0 0
23.396 4.02981e-48 0 0
23.424 4.05117e-48 0 0
23.452 4.06513e-48 0 0
23.48 4.07128e-48 0 0
23.508 4.06947e-48 0 0
23.536 4.05973e-48 0 0
23.564 4.04234e-48 0 0
23.592 4.01775e-48 0 0
23.62 3.98663e-48 0 0
23.648 3.94981e-48 0 0
23.676 3.90827e-48 0 0
23.704 3.86311e-48 0 0
23.732 3.81552e-48 0 0
23.76 3.76676e-48 0 0
23.788 3.71809e-48 0 0
23.816 3.67077e-48 0 0
23.844 3.62601e-48 0 0
23.872 3.58494e-48 0 0
23.9 3.54857e-48 0 0
23.928 3.51778e-48 0 0
23.956 3.49328e-48 0 0
23.984 3.47561e-48 0 0
24.012 3.4651e-48 0 0
24.04 3.46188e-48 0 0
24.068 3.46588e-48 0 0
24.096 3.47683e-48 0 0
24.124 3.49427e-48 0 0
24.152 3.51753e-48 0 0
24.18 3.54581e-48 0 0
24.208 3.57818e-48 0 0
24.236 3.61356e-48 0 0
24.264 3.65083e-48 0 0
24.292 3.68881e-48 0 0
24.32 3.72629e-48 0 0
24.348 3.7621e-48 0 0
24.376 3.79511e-48 0 0
24.404 3.82427e-48 0 0
24.432 3.84864e-48 0 0
24.46 3.86742e-48 0 0
24.488 3.87996e-48 0 0
24.516 3.8858e-48 0 0
24.544 3.88465e-48 0 0
24.572 3.87641e-48 0 0
24.6 3.86118e-48 0 0
24.628 3.83925e-48 0 0
24.656 3.81109e-48 0 0
24.684 3.77733e-48 0 0
24.712 3.73874e-48 0 0
24.74 3.69623e-48 0 0
24.768 3.65081e-48 0 0
24.796 3.60354e-48 0 0
24.824 3.55553e-48 0 0
24.852 3.5079e-48 0 0
24.88 3.46175e-48 0 0
24.908 3.4181e-48 0 0
24.936 3.37794e-48 0 0
24.964 3.3421e-48 0 0
24.992 3.31131e-48 0 0
25.02 3.28614e-48 0 0
25.048 3.26701e-48 0 0
25.076 3.25414e-48 0 0
25.104 3.24759e-48 0 0
25.132 3.24724e-48 0 0
25.16 3.25279e-48 0 0
25.188 3.26377e-48 0 0
25.216 3.27959e-48 0 0
25.244 3.29949e-48 0 0
25.272 3.32262e-48 0 0
25.3 3.34804e-48 0 0
25.328 3.37475e-48 0 0
25.356 3.40173e-48 0 0
25.384 3.42795e-48 0 0
25.412 3.45241e-48 0 0
25.44 3.47416e-48 0 0
25.468 3.49232e-48 0 0
25.496 3.50616e-48 0 0
25.524 3.51501e-48 0 0
25.552 3.5184e-48 0 0
25.58 3.51597e-48 0 0
25.608 3.50754e-48 0 0
25.636 3.4931e-48 0 0
25.664 3.47278e-48 0 0
25.692 3.44691e-48 0 0
25.72 3.41592e-48 0 0
25.748 3.38041e-48 0 0
25.776 3.34107e-48 0 0
25.804 3.29871e-48 0 0
25.832 3.25419e-48 0 0
25.86 3.20844e-48 0 0
25.888 3.1624e-48 0 0
25.916 3.11698e-48 0 0
25.944 3.07311e-48 0 0
25.972 3.03163e-48 0 0
26 2.99329e-48 0 0
26.028 2.95879e-48 0 0
26.056 2.92865e-48 0 0
26.084 2.90331e-48 0 0
26.112 2.88304e-48 0 0
26.14 2.86798e-48 0 0
26.168 2.85811e-48 0 0
26.196 2.85326e-48 0 0
26.224 2.85312e-48 0 0
26.252 2.85726e-48 0 0
26.28 2.86513e-48 0 0
26.308 2.87606e-48 0 0
26.336 2.88933e-48 0 0
26.364 2.90415e-48 0 0
26.392 2.91967e-48 0 0
26.42 2.93505e-48 0 0
26.448 2.94947e-48 0 0
26.476 2.96213e-48 0 0
26.504 2.97228e-48 0 0
26.532 2.97926e-48 0 0
26.56 2.98249e-48 0 0
26.588 2.98152e-48 0 0
26.616 2.97599e-48 0 0
26.644 2.9657e-48 0 0
26.672 2.95057e-48 0 0
26.7 2.93064e-48 0 0
26.728 2.90609e-48 0 0
26.756 2.87722e-48 0 0
26.784 2.84446e-48 0 0
26.812 2.80832e-48 0 0
26.84 2.7694e-48 0 0
26.868 2.72837e-48 0 0
26.896 2.68593e-48 0 0
26.924 2.64283e-48 0 0
26.952 2.5998e-48 0 0
26.98 2.55757e-48 0 0
27.008 2.51684e-48 0 0
27.036 2.47822e-48 0 0
27.064 2.44229e-48 0 0
27.092 2.40952e-48 0 0
27.12 2.38027e-48 0 0
27.148 2.35482e-48 0 0
27.176 2.33333e-48 0 0
27.204 2.31581e-48 0 0
27.232 2.3022e-48 0 0
27.26 2.2923e-48 0 0
27.288 2.28582e-48 0 0
27.316 2.28236e-48 0 0
27.344 2.28146e-48 0 0
27.372 2.28257e-48 0 0
27.4 2.2851e-48 0 0
27.428 2.28843e-48 0 0
27.456 2.29193e-48 0 0
27.484 2.29495e-48 0 0
27.512 2.29687e-48 0 0
27.54 2.29714e-48 0 0
27.568 2.29522e-48 0 0
27.596 2.29065e-48 0 0
27.624 2.28307e-48 0 0
27.652 2.27219e-48 0 0
27.68 2.25781e-48 0 0
27.708 2.23984e-48 0 0
27.736 2.21829e-48 0 0
27.764 2.19326e-48 0 0
27.792 2.16494e-48 0 0
27.82 2.13362e-48 0 0
27.848 2.09965e-48 0 0
27.876 2.06344e-48 0 0
27.904 2.02547e-48 0 0
27.932 1.98624e-48 0 0
27.96 1.94626e-48 0 0
27.988 1.90607e-48 0 0
28.016 1.86619e-48 0 0
28.044 1.82709e-48 0 0
28.072 1.78924e-48 0 0
28.1 1.75303e-48 0 0
28.128 1.71879e-48 0 0
28.156 1.6868e-48 0 0
28.184 1.65723e-48 0 0
28.212 1.6302e-48 0 0
28.24 1.60573e-48 0 0
28.268 1.58375e-48 0 0
28.296 1.56414e-48 0 0
28.324 1.54669e-48 0 0
28.352 1.53112e-48 0 0
28.38 1.5171e-48 0 0
28.408 1.50426e-48 0 0
28.436 1.4922e-48 0 0
28.464 1.48049e-48 0 0
28.492 1.4687e-48 0 0
28.52 1.4564e-48 0 0
28.548 1.44317e-48 0 0
28.576 1.42864e-48 0 0
28.604 1.41247e-48 0 0
28.632 1.39436e-48 0 0
28.66 1.37407e-48 0 0
28.688 1.35143e-48 0 0
28.716 1.3263e-48 0 0
28.744 1.29865e-48 0 0
28.772 1.26848e-48 0 0
28.8 1.23585e-48 0 0
28.828 1.20088e-48 0 0
28.856 1.16373e-48 0 0
28.884 1.1246e-48 0 0
28.912 1.08371e-48 0 0
28.94 1.0413e-48 0 0
28.968 9.97603e-49 0 0
28.996 9.52846e-49 0 0
29.024 9.07223e-49 0 0
29.052 8.60885e-49 0 0
29.08 8.13925e-49 0 0
29.108 7.66355e-49 0 0
29.136 7.18087e-49 0 0
29.164 6.68902e-49 0 0
29.192 6.1841e-49 0 0
29.22 5.65978e-49 0 0
29.248 5.10614e-49 0 0
29.276 4.50723e-49 0 0
29.304 3.83528e-49 0 0
29.332 3.03351e-49 0 0
29.36 1.93402e-49 0 0
29.388 -nan 0 0
29.416 -nan 0 0
29.444 -nan 0 0
29.472 -nan 0 0
29.5 -nan 0 0
29.528 -nan 0 0
29.556 -nan 0 0
29.584 -nan 0 0
29.612 -nan 0 0
29.64 -nan 0 0
29.668 -nan 0 0
29.696 -nan 0 0
29.724 -nan 0 0
29.752 -nan 0 0
29.78 -nan 0 0
29.808 -nan 0 0
29.836 -nan 0 0
29.864 -nan 0 0
29.892 -nan 0 0
29.92 -nan 0 0
29.948 -nan 0 0
29.976 -nan 0 0
30.004 -nan 0 0
30.032 -nan 0 0
30.06 -nan 0 0
30.088 -nan 0 0
30.116 -nan 0 0
30.144 -nan 0 0
30.172 -nan 0 0
30.2 -nan 0 0
30.228 -nan 0 0
30.256 -nan 0 0
30.284 -nan 0 0
30.312 -nan 0 0
30.34 -nan 0 0
30.368 -nan 0 0
30.396 -nan 0 0
30.424 -nan 0 0
30.452 -nan 0 0
30.48 -nan 0 0
30.508 -nan 0 0
30.536 -nan 0 0
30.564 -nan 0 0
30.592 -nan 0 0
30.62 -nan 0 0
30.648 -nan 0 0
30.676 -nan 0 0
30.704 -nan 0 0
30.732 -nan 0 0
30.76 -nan 0 0
30.788 -nan 0 0
30.816 -nan 0 0
30.844 -nan 0 0
30.872 -nan 0 0
30.9 -nan 0 0
30.928 -nan 0 0
30.956 -nan 0 0
30.984 -nan 0 0
31.012 -nan 0 0
31.04 -nan 0 0
31.068 -nan 0 0
31.096 -nan 0 0
31.124 -nan 0 0
31.152 -nan 0 0
31.18 -nan 0 0
31.208 -nan 0 0
31.236 -nan 0 0
31.264 -nan 0 0
31.292 -nan 0 0
31.32 -nan 0 0
31.348 -nan 0 0
31.376 -nan 0 0
31.404 -nan 0 0
31.432 -nan 0 0
31.46 -nan 0 0
31.488 -nan 0 0
31.516 -nan 0 0
31.544 -nan 0 0
31.572 -nan 0 0
31.6 -nan 0 0
31.628 -nan 0 0
31.656 -nan 0 0
31.684 -nan 0 0
31.712 -nan 0 0
31.74 -nan 0 0
31.768 -nan 0 0
31.796 -nan 0 0
31.824 -nan 0 0
31.852 -nan 0 0
31.88 -nan 0 0
31.908 -nan 0 0
31.936 -nan 0 0
31.964 -nan 0 0
31.992 -nan 0 0
32.02 -nan 0 0
32.048 -nan 0 0
32.076 -nan 0 0
32.104 -nan 0 0
32.132 -nan 0 0
32.16 -nan 0 0
32.188 -nan 0 0
32.216 -nan 0 0
32.244 -nan 0 0
32.272 -nan 0 0
32.3 -nan 0 0
32.328 -nan 0 0
32.356 -nan 0 0
32.384 -nan 0 0
32.412 -nan 0 0
32.44 -nan 0 0
32.468 -nan 0 0
32.496 -nan 0 0
32.524 -nan 0 0
32.552 -nan 0 0
32.58 -nan 0 0
32.608 -nan 0 0
32.636 -nan 0 0
32.664 -nan 0 0
32.692 -nan 0 0
32.72 -nan 0 0
32.748 -nan 0 0
32.776 -nan 0 0
32.804 -nan 0 0
32.832 -nan 0 0
32.86 -nan 0 0
32.888 -nan 0 0
32.916 -nan 0 0
32.944 -nan 0 0
32.972 -nan 0 0
