5 1.98981e-50 0 0
5.028 2.19891e-50 0 0
5.056 2.42175e-50 0 0
5.084 2.65822e-50 0 0
5.112 2.90818e-50 0 0
5.14 3.17155e-50 0 0
5.168 3.44832e-50 0 0
5.196 3.73863e-50 0 0
5.224 4.04285e-50 0 0
5.252 4.36163e-50 0 0
5.28 4.69594e-50 0 0
5.308 5.0472e-50 0 0
5.336 5.41725e-50 0 0
5.364 5.80842e-50 0 0
5.392 6.22358e-50 0 0
5.42 6.66607e-50 0 0
5.448 7.13973e-50 0 0
5.476 7.64883e-50 0 0
5.504 8.19799e-50 0 0
5.532 8.79209e-50 0 0
5.56 9.4361e-50 0 0
5.588 1.0135e-49 0 0
5.616 1.08935e-49 0 0
5.644 1.17161e-49 0 0
5.672 1.26065e-49 0 0
5.7 1.35677e-49 0 0
5.728 1.46019e-49 0 0
5.756 1.571e-49 0 0
5.784 1.68919e-49 0 0
5.812 1.8146e-49 0 0
5.84 1.94693e-49 0 0
5.868 2.08577e-49 0 0
5.896 2.23056e-49 0 0
5.924 2.38061e-49 0 0
5.952 2.53517e-49 0 0
5.98 2.69337e-49 0 0
6.008 2.85434e-49 0 0
6.036 3.01717e-49 0 0
6.064 3.18098e-49 0 0
6.092 3.345e-49 0 0
6.12 3.50853e-49 0 0
6.148 3.67104e-49 0 0
6.176 3.83222e-49 0 0
6.204 3.99195e-49 0 0
6.232 4.15042e-49 0 0
6.26 4.30805e-49 0 0
6.288 4.4656e-49 0 0
6.316 4.6241e-49 0 0
6.344 4.78487e-49 0 0
6.372 4.94949e-49 0 0
6.4 5.11978e-49 0 0
6.428 5.29771e-49 0 0
6.456 5.4854e-49 0 0
6.484 5.685e-49 0 0
6.512 5.89865e-49 0 0
6.54 6.12838e-49 0 0
6.568 6.37602e-49 0 0
6.596 6.64315e-49 0 0
6.624 6.93097e-49 0 0
6.652 7.24027e-49 0 0
6.68 7.57134e-49 0 0
6.708 7.92395e-49 0 0
6.736 8.2973e-49 0 0
6.764 8.68999e-49 0 0
6.792 9.10006e-49 0 0
6.82 9.525e-49 0 0
6.848 9.9618e-49 0 0
6.876 1.0407e-48 0 0
6.904 1.0857e-48 0 0
6.932 1.13076e-48 0 0
6.96 1.17549e-48 0 0
6.988 1.21948e-48 0 0
7.016 1.26236e-48 0 0
7.044 1.30376e-48 0 0
7.072 1.34339e-48 0 0
7.1 1.38101e-48 0 0
7.128 1.41644e-48 0 0
7.156 1.44961e-48 0 0
7.184 1.48053e-48 0 0
7.212 1.50928e-48 0 0
7.24 1.53607e-48 0 0
7.268 1.56119e-48 0 0
7.296 1.58502e-48 0 0
7.324 1.60803e-48 0 0
7.352 1.63075e-48 0 0
7.38 1.65377e-48 0 0
7.408 1.6777e-48 0 0
7.436 1.70318e-48 0 0
7.464 1.73084e-48 0 0
7.492 1.76129e-48 0 0
7.52 1.79508e-48 0 0
7.548 1.83268e-48 0 0
7.576 1.87447e-48 0 0
7.604 1.92073e-48 0 0
7.632 1.9716e-48 0 0
7.66 2.02709e-48 0 0
7.688 2.08706e-48 0 0
7.716 2.15122e-48 0 0
7.744 2.21914e-48 0 0
7.772 2.29025e-48 0 0
7.8 2.36385e-48 0 0
7.828 2.43915e-48 0 0
7.856 2.51526e-48 0 0
7.884 2.59122e-48 0 0
7.912 2.66608e-48 0 0
7.94 2.73884e-48 0 0
7.968 2.80857e-48 0 0
7.996 2.87439e-48 0 0
8.024 2.93551e-48 0 0
8.052 2.99129e-48 0 0
8.08 3.04122e-48 0 0
8.108 3.08497e-48 0 0
8.136 3.1224e-48 0 0
8.164 3.15358e-48 0 0
8.192 3.17877e-48 0 0
8.22 3.19844e-48 0 0
8.248 3.21327e-48 0 0
8.276 3.22409e-48 0 0
8.304 3.23192e-48 0 0
8.332 3.23787e-48 0 0
8.36 3.24317e-48 0 0
8.388 3.24911e-48 0 0
8.416 3.25697e-48 0 0
8.444 3.26802e-48 0 0
8.472 3.28345e-48 0 0
8.5 3.30435e-48 0 0
8.528 3.33165e-48 0 0
8.556 3.36608e-48 0 0
8.584 3.40819e-48 0 0
8.612 3.45824e-48 0 0
8.64 3.51626e-48 0 0
8.668 3.58202e-48 0 0
8.696 3.655e-48 0 0
8.724 3.73445e-48 0 0
8.752 3.81935e-48 0 0
8.78 3.90849e-48 0 0
8.808 4.00046e-48 0 0
8.836 4.09374e-48 0 0
8.864 4.1867e-48 0 0
8.892 4.27766e-48 0 0
8.92 4.36495e-48 0 0
8.948 4.44699e-48 0 0
8.976 4.5223e-48 0 0
9.004 4.58955e-48 0 0
9.032 4.64766e-48 0 0
9.06 4.69577e-48 0 0
9.088 4.73333e-48 0 0
9.116 4.76008e-48 0 0
9.144 4.77612e-48 0 0
9.172 4.78183e-48 0 0
9.2 4.77795e-48 0 0
9.228 4.7655e-48 0 0
9.256 4.7458e-48 0 0
9.284 4.72039e-48 0 0
9.312 4.69102e-48 0 0
9.34 4.65958e-48 0 0
9.368 4.62803e-48 0 0
9.396 4.59836e-48 0 0
9.424 4.57253e-48 0 0
9.452 4.55238e-48 0 0
9.48 4.53959e-48 0 0
9.508 4.53562e-48 0 0
9.536 4.54163e-48 0 0
9.564 4.5585e-48 0 0
9.592 4.58673e-48 0 0
9.62 4.62647e-48 0 0
9.648 4.67748e-48 0 0
9.676 4.73913e-48 0 0
9.704 4.81044e-48 0 0
9.732 4.89007e-48 0 0
9.76 4.9764e-48 0 0
9.788 5.06753e-48 0 0
9.816 5.16138e-48 0 0
9.844 5.25572e-48 0 0
9.872 5.34827e-48 0 0
9.9 5.43675e-48 0 0
9.928 5.51895e-48 0 0
9.956 5.59282e-48 0 0
9.984 5.65654e-48 0 0
10.012 5.70853e-48 0 0
10.04 5.74759e-48 0 0
10.068 5.77285e-48 0 0
10.096 5.78389e-48 0 0
10.124 5.78067e-48 0 0
10.152 5.76363e-48 0 0
10.18 5.73358e-48 0 0
10.208 5.69177e-48 0 0
10.236 5.63979e-48 0 0
10.264 5.57957e-48 0 0
10.292 5.51328e-48 0 0
10.32 5.44329e-48 0 0
10.348 5.3721e-48 0 0
10.376 5.30224e-48 0 0
10.404 5.23621e-48 0 0
10.432 5.17638e-48 0 0
10.46 5.12494e-48 0 0
10.488 5.08381e-48 0 0
10.516 5.05458e-48 0 0
10.544 5.03847e-48 0 0
10.572 5.03625e-48 0 0
10.6 5.04828e-48 0 0
10.628 5.07441e-48 0 0
10.656 5.11407e-48 0 0
10.684 5.1662e-48 0 0
10.712 5.22936e-48 0 0
10.74 5.30171e-48 0 0
10.768 5.38109e-48 0 0
10.796 5.4651e-48 0 0
10.824 5.55115e-48 0 0
10.852 5.63656e-48 0 0
10.88 5.71863e-48 0 0
10.908 5.79475e-48 0 0
10.936 5.86244e-48 0 0
10.964 5.91948e-48 0 0
10.992 5.96393e-48 0 0
11.02 5.99425e-48 0 0
11.048 6.00931e-48 0 0
11.076 6.00842e-48 0 0
11.104 5.99141e-48 0 0
11.132 5.95856e-48 0 0
11.16 5.91068e-48 0 0
11.188 5.84901e-48 0 0
11.216 5.77522e-48 0 0
11.244 5.69136e-48 0 0
11.272 5.59978e-48 0 0
11.3 5.50308e-48 0 0
11.328 5.40401e-48 0 0
11.356 5.30538e-48 0 0
11.384 5.21001e-48 0 0
11.412 5.12057e-48 0 0
11.44 5.03958e-48 0 0
11.468 4.96925e-48 0 0
11.496 4.91148e-48 0 0
11.524 4.86775e-48 0 0
11.552 4.83908e-48 0 0
11.58 4.82603e-48 0 0
11.608 4.82862e-48 0 0
11.636 4.84642e-48 0 0
11.664 4.87845e-48 0 0
11.692 4.92332e-48 0 0
11.72 4.97918e-48 0 0
11.748 5.04385e-48 0 0
11.776 5.11484e-48 0 0
11.804 5.18947e-48 0 0
11.832 5.26491e-48 0 0
11.86 5.3383e-48 0 0
11.888 5.40684e-48 0 0
11.916 5.46787e-48 0 0
11.944 5.51894e-48 0 0
11.972 5.55793e-48 0 0
12 5.58307e-48 0 0
12.028 5.59303e-48 0 0
12.056 5.58694e-48 0 0
12.084 5.56445e-48 0 0
12.112 5.5257e-48 0 0
12.14 5.47133e-48 0 0
12.168 5.40248e-48 0 0
12.196 5.32073e-48 0 0
12.224 5.22808e-48 0 0
12.252 5.12683e-48 0 0
12.28 5.01958e-48 0 0
12.308 4.90907e-48 0 0
12.336 4.79818e-48 0 0
12.364 4.68975e-48 0 0
12.392 4.58657e-48 0 0
12.42 4.49122e-48 0 0
12.448 4.40605e-48 0 0
12.476 4.33308e-48 0 0
12.504 4.27391e-48 0 0
12.532 4.22973e-48 0 0
12.56 4.20122e-48 0 0
12.588 4.18858e-48 0 0
12.616 4.19149e-48 0 0
12.644 4.20915e-48 0 0
12.672 4.24029e-48 0 0
12.7 4.28318e-48 0 0
12.728 4.33578e-48 0 0
12.756 4.39568e-48 0 0
12.784 4.46029e-48 0 0
12.812 4.52685e-48 0 0
12.84 4.59255e-48 0 0
12.868 4.65462e-48 0 0
12.896 4.7104e-48 0 0
12.924 4.75744e-48 0 0
12.952 4.79357e-48 0 0
12.98 4.81697e-48 0 0
13.008 4.82624e-48 0 0
13.036 4.82041e-48 0 0
13.064 4.79901e-48 0 0
13.092 4.76205e-48 0 0
13.12 4.71005e-48 0 0
13.148 4.644e-48 0 0
13.176 4.56531e-48 0 0
13.204 4.47582e-48 0 0
13.232 4.37768e-48 0 0
13.26 4.27332e-48 0 0
13.288 4.16536e-48 0 0
13.316 4.05653e-48 0 0
13.344 3.94955e-48 0 0
13.372 3.8471e-48 0 0
13.4 3.7517e-48 0 0
13.428 3.66563e-48 0 0
13.456 3.59087e-48 0 0
13.484 3.52904e-48 0 0
13.512 3.48133e-48 0 0
13.54 3.44849e-48 0 0
13.568 3.43078e-48 0 0
13.596 3.42799e-48 0 0
13.624 3.43944e-48 0 0
13.652 3.464e-48 0 0
13.68 3.50013e-48 0 0
13.708 3.54592e-48 0 0
13.736 3.59918e-48 0 0
13.764 3.65748e-48 0 0
13.792 3.71826e-48 0 0
13.82 3.77887e-48 0 0
13.848 3.83672e-48 0 0
13.876 3.88928e-48 0 0
13.904 3.93425e-48 0 0
13.932 3.96954e-48 0 0
13.96 3.99341e-48 0 0
13.988 4.00451e-48 0 0
14.016 4.00188e-48 0 0
14.044 3.98501e-48 0 0
14.072 3.95389e-48 0 0
14.1 3.90891e-48 0 0
14.128 3.85096e-48 0 0
14.156 3.78132e-48 0 0
14.184 3.70165e-48 0 0
14.212 3.61391e-48 0 0
14.24 3.52034e-48 0 0
14.268 3.42334e-48 0 0
14.296 3.32542e-48 0 0
14.324 3.22911e-48 0 0
14.352 3.13689e-48 0 0
14.38 3.05109e-48 0 0
14.408 2.97383e-48 0 0
14.436 2.90695e-48 0 0
14.464 2.85195e-48 0 0
14.492 2.80996e-48 0 0
14.52 2.78168e-48 0 0
14.548 2.76737e-48 0 0
14.576 2.76685e-48 0 0
14.604 2.77951e-48 0 0
14.632 2.80431e-48 0 0
14.66 2.83985e-48 0 0
14.688 2.88437e-48 0 0
14.716 2.93587e-48 0 0
14.744 2.99213e-48 0 0
14.772 3.05078e-48 0 0
14.8 3.1094e-48 0 0
14.828 3.1656e-48 0 0
14.856 3.21708e-48 0 0
14.884 3.2617e-48 0 0
14.912 3.29758e-48 0 0
14.94 3.32312e-48 0 0
14.968 3.33707e-48 0 0
14.996 3.33858e-48 0 0
15.024 3.3272e-48 0 0
15.052 3.3029e-48 0 0
15.08 3.26609e-48 0 0
15.108 3.21758e-48 0 0
15.136 3.15855e-48 0 0
15.164 3.09054e-48 0 0
15.192 3.01537e-48 0 0
15.22 2.93509e-48 0 0
15.248 2.8519e-48 0 0
15.276 2.76811e-48 0 0
15.304 2.68602e-48 0 0
15.332 2.60791e-48 0 0
15.36 2.53588e-48 0 0
15.388 2.47187e-48 0 0
15.416 2.41753e-48 0 0
15.444 2.37421e-48 0 0
15.472 2.34291e-48 0 0
15.5 2.32422e-48 0 0
15.528 2.31835e-48 0 0
15.556 2.32509e-48 0 0
15.584 2.34384e-48 0 0
15.612 2.3736e-48 0 0
15.64 2.41304e-48 0 0
15.668 2.46054e-48 0 0
15.696 2.51422e-48 0 0
15.724 2.572e-48 0 0
15.752 2.63171e-48 0 0
15.78 2.69113e-48 0 0
15.808 2.74806e-48 0 0
15.836 2.80039e-48 0 0
15.864 2.84619e-48 0 0
15.892 2.88375e-48 0 0
15.92 2.91164e-48 0 0
15.948 2.92875e-48 0 0
15.976 2.93436e-48 0 0
16.004 2.92809e-48 0 0
16.032 2.90999e-48 0 0
16.06 2.88048e-48 0 0
16.088 2.84037e-48 0 0
16.116 2.79079e-48 0 0
16.144 2.73322e-48 0 0
16.172 2.66937e-48 0 0
16.2 2.60116e-48 0 0
16.228 2.53066e-48 0 0
16.256 2.46001e-48 0 0
16.284 2.39134e-48 0 0
16.312 2.32673e-48 0 0
16.34 2.26813e-48 0 0
16.368 2.21728e-48 0 0
16.396 2.17568e-48 0 0
16.424 2.14453e-48 0 0
16.452 2.12469e-48 0 0
16.48 2.11666e-48 0 0
16.508 2.12056e-48 0 0
16.536 2.13614e-48 0 0
16.564 2.16276e-48 0 0
16.592 2.19943e-48 0 0
16.62 2.24487e-48 0 0
16.648 2.2975e-48 0 0
16.676 2.35553e-48 0 0
16.704 2.417e-48 0 0
16.732 2.47985e-48 0 0
16.76 2.542e-48 0 0
16.788 2.60139e-48 0 0
16.816 2.65607e-48 0 0
16.844 2.70425e-48 0 0
16.872 2.74437e-48 0 0
16.9 2.77512e-48 0 0
16.928 2.79553e-48 0 0
16.956 2.80496e-48 0 0
16.984 2.80314e-48 0 0
17.012 2.79015e-48 0 0
17.04 2.76646e-48 0 0
17.068 2.73288e-48 0 0
17.096 2.69056e-48 0 0
17.124 2.64091e-48 0 0
17.152 2.58559e-48 0 0
17.18 2.52647e-48 0 0
17.208 2.46549e-48 0 0
17.236 2.40471e-48 0 0
17.264 2.34615e-48 0 0
17.292 2.29176e-48 0 0
17.32 2.24337e-48 0 0
17.348 2.20261e-48 0 0
17.376 2.17087e-48 0 0
17.404 2.14924e-48 0 0
17.432 2.13849e-48 0 0
17.46 2.13907e-48 0 0
17.488 2.15101e-48 0 0
17.516 2.17404e-48 0 0
17.544 2.20749e-48 0 0
17.572 2.2504e-48 0 0
17.6 2.30146e-48 0 0
17.628 2.35916e-48 0 0
17.656 2.42175e-48 0 0
17.684 2.48733e-48 0 0
17.712 2.55392e-48 0 0
17.74 2.61952e-48 0 0
17.768 2.68215e-48 0 0
17.796 2.73995e-48 0 0
17.824 2.79122e-48 0 0
17.852 2.83448e-48 0 0
17.88 2.86849e-48 0 0
17.908 2.89235e-48 0 0
17.936 2.90546e-48 0 0
17.964 2.90759e-48 0 0
17.992 2.89887e-48 0 0
18.02 2.87975e-48 0 0
18.048 2.85106e-48 0 0
18.076 2.81392e-48 0 0
18.104 2.76971e-48 0 0
18.132 2.72007e-48 0 0
18.16 2.66679e-48 0 0
18.188 2.61179e-48 0 0
18.216 2.55704e-48 0 0
18.244 2.50451e-48 0 0
18.272 2.4561e-48 0 0
18.3 2.41357e-48 0 0
18.328 2.3785e-48 0 0
18.356 2.35223e-48 0 0
18.384 2.33582e-48 0 0
18.412 2.33001e-48 0 0
18.44 2.33523e-48 0 0
18.468 2.35151e-48 0 0
18.496 2.37858e-48 0 0
18.524 2.4158e-48 0 0
18.552 2.46221e-48 0 0
18.58 2.51657e-48 0 0
18.608 2.57737e-48 0 0
18.636 2.64293e-48 0 0
18.664 2.7114e-48 0 0
18.692 2.78083e-48 0 0
18.72 2.84928e-48 0 0
18.748 2.91481e-48 0 0
18.776 2.9756e-48 0 0
18.804 3.02996e-48 0 0
18.832 3.07644e-48 0 0
18.86 3.11383e-48 0 0
18.888 3.1412e-48 0 0
18.916 3.15796e-48 0 0
18.944 3.16385e-48 0 0
18.972 3.15897e-48 0 0
19 3.14374e-48 0 0
19.028 3.11893e-48 0 0
19.056 3.08562e-48 0 0
19.084 3.04514e-48 0 0
19.112 2.99906e-48 0 0
19.14 2.94914e-48 0 0
19.168 2.89723e-48 0 0
19.196 2.84528e-48 0 0
19.224 2.7952e-48 0 0
19.252 2.74888e-48 0 0
19.28 2.70806e-48 0 0
19.308 2.67432e-48 0 0
19.336 2.64902e-48 0 0
19.364 2.63322e-48 0 0
19.392 2.62773e-48 0 0
19.42 2.63298e-48 0 0
19.448 2.64911e-48 0 0
19.476 2.67587e-48 0 0
19.504 2.71271e-48 0 0
19.532 2.75874e-48 0 0
19.56 2.8128e-48 0 0
19.588 2.87346e-48 0 0
19.616 2.93909e-48 0 0
19.644 3.00791e-48 0 0
19.672 3.07804e-48 0 0
19.7 3.14755e-48 0 0
19.728 3.21454e-48 0 0
19.756 3.2772e-48 0 0
19.784 3.33384e-48 0 0
19.812 3.38299e-48 0 0
19.84 3.42338e-48 0 0
19.868 3.45406e-48 0 0
19.896 3.47434e-48 0 0
19.924 3.4839e-48 0 0
19.952 3.48274e-48 0 0
19.98 3.4712e-48 0 0
20.008 3.44993e-48 0 0
20.036 3.41991e-48 0 0
20.064 3.38238e-48 0 0
20.092 3.33881e-48 0 0
20.12 3.29088e-48 0 0
20.148 3.24037e-48 0 0
20.176 3.18915e-48 0 0
20.204 3.13913e-48 0 0
20.232 3.09216e-48 0 0
20.26 3.04998e-48 0 0
20.288 3.0142e-48 0 0
20.316 2.98621e-48 0 0
20.344 2.96716e-48 0 0
20.372 2.95791e-48 0 0
20.4 2.95901e-48 0 0
20.428 2.9707e-48 0 0
20.456 2.99286e-48 0 0
20.484 3.02506e-48 0 0
20.512 3.06655e-48 0 0
20.54 3.11628e-48 0 0
20.568 3.17297e-48 0 0
20.596 3.23509e-48 0 0
20.624 3.30096e-48 0 0
20.652 3.36878e-48 0 0
20.68 3.43669e-48 0 0
20.708 3.50284e-48 0 0
20.736 3.56541e-48 0 0
20.764 3.62273e-48 0 0
20.792 3.67326e-48 0 0
20.82 3.7157e-48 0 0
20.848 3.74899e-48 0 0
20.876 3.77237e-48 0 0
20.904 3.78536e-48 0 0
20.932 3.78785e-48 0 0
20.96 3.78e-48 0 0
20.988 3.76234e-48 0 0
21.016 3.73567e-48 0 0
21.044 3.70108e-48 0 0
21.072 3.65991e-48 0 0
21.1 3.61368e-48 0 0
21.128 3.56407e-48 0 0
21.156 3.51287e-48 0 0
21.184 3.4619e-48 0 0
21.212 3.41297e-48 0 0
21.24 3.36782e-48 0 0
21.268 3.32807e-48 0 0
21.296 3.29515e-48 0 0
21.324 3.27029e-48 0 0
21.352 3.25446e-48 0 0
21.38 3.24833e-48 0 0
21.408 3.25227e-48 0 0
21.436 3.26635e-48 0 0
21.464 3.2903e-48 0 0
21.492 3.32356e-48 0 0
21.52 3.36526e-48 0 0
21.548 3.41428e-48 0 0
21.576 3.46927e-48 0 0
21.604 3.52871e-48 0 0
21.632 3.59092e-48 0 0
21.66 3.65414e-48 0 0
21.688 3.7166e-48 0 0
21.716 3.77655e-48 0 0
21.744 3.8323e-48 0 0
21.772 3.88232e-48 0 0
21.8 3.92524e-48 0 0
21.828 3.95992e-48 0 0
21.856 3.98548e-48 0 0
21.884 4.00132e-48 0 0
21.912 4.00712e-48 0 0
21.94 4.00291e-48 0 0
21.968 3.98899e-48 0 0
21.996 3.96598e-48 0 0
22.024 3.93475e-48 0 0
22.052 3.89645e-48 0 0
22.08 3.85243e-48 0 0
22.108 3.80419e-48 0 0
22.136 3.75337e-48 0 0
22.164 3.70168e-48 0 0
22.192 3.65085e-48 0 0
22.22 3.60256e-48 0 0
22.248 3.55841e-48 0 0
22.276 3.51986e-48 0 0
22.304 3.4882e-48 0 0
22.332 3.46449e-48 0 0
22.36 3.44952e-48 0 0
22.388 3.44382e-48 0 0
22.416 3.44764e-48 0 0
22.444 3.46092e-48 0 0
22.472 3.48328e-48 0 0
22.5 3.5141e-48 0 0
22.528 3.55248e-48 0 0
22.556 3.59727e-48 0 0
22.584 3.64715e-48 0 0
22.612 3.70064e-48 0 0
22.64 3.75613e-48 0 0
22.668 3.81198e-48 0 0
22.696 3.86653e-48 0 0
22.724 3.91815e-48 0 0
22.752 3.96534e-48 0 0
22.78 4.0067e-48 0 0
22.808 4.04104e-48 0 0
22.836 4.06738e-48 0 0
22.864 4.08498e-48 0 0
22.892 4.09338e-48 0 0
22.92 4.0924e-48 0 0
22.948 4.08214e-48 0 0
22.976 4.06299e-48 0 0
23.004 4.03559e-48 0 0
23.032 4.00085e-48 0 0
23.06 3.95989e-48 0 0
23.088 3.91401e-48 0 0
23.116 3.86465e-48 0 0
23.144 3.81334e-48 0 0
23.172 3.76167e-48 0 0
23.2 3.71122e-48 0 0
23.228 3.66354e-48 0 0
23.256 3.62004e-48 0 0
23.284 3.58204e-48 0 0
23.312 3.55064e-48 0 0
23.34 3.52676e-48 0 0
23.368 3.51105e-48 0 0
23.396 3.50392e-48 0 0
23.424 3.5055e-48 0 0
23.452 3.51566e-48 0 0
23.48 3.534e-48 0 0
23.508 3.55984e-48 0 0
23.536 3.59232e-48 0 0
23.564 3.63033e-48 0 0
23.592 3.67262e-48 0 0
23.62 3.71781e-48 0 0
23.648 3.76442e-48 0 0
23.676 3.81094e-48 0 0
23.704 3.85588e-48 0 0
23.732 3.89778e-48 0 0
23.76 3.9353e-48 0 0
23.788 3.96723e-48 0 0
23.816 3.99253e-48 0 0
23.844 4.01038e-48 0 0
23.872 4.02017e-48 0 0
23.9 4.02156e-48 0 0
23.928 4.01444e-48 0 0
23.956 3.99899e-48 0 0
23.984 3.97561e-48 0 0
24.012 3.94495e-48 0 0
24.04 3.90788e-48 0 0
24.068 3.86545e-48 0 0
24.096 3.81886e-48 0 0
24.124 3.76944e-48 0 0
24.152 3.71857e-48 0 0
24.18 3.66768e-48 0 0
24.208 3.61818e-48 0 0
24.236 3.57142e-48 0 0
24.264 3.52867e-48 0 0
24.292 3.49104e-48 0 0
24.32 3.45948e-48 0 0
24.348 3.43475e-48 0 0
24.376 3.41738e-48 0 0
24.404 3.40768e-48 0 0
24.432 3.40571e-48 0 0
24.46 3.4113e-48 0 0
24.488 3.42401e-48 0 0
24.516 3.44324e-48 0 0
24.544 3.46813e-48 0 0
24.572 3.49769e-48 0 0
24.6 3.53079e-48 0 0
24.628 3.56617e-48 0 0
24.656 3.60253e-48 0 0
24.684 3.63853e-48 0 0
24.712 3.67286e-48 0 0
24.74 3.70427e-48 0 0
24.768 3.73159e-48 0 0
24.796 3.75379e-48 0 0
24.824 3.77002e-48 0 0
24.852 3.77957e-48 0 0
24.88 3.78198e-48 0 0
24.908 3.77699e-48 0 0
24.936 3.76457e-48 0 0
24.964 3.7449e-48 0 0
24.992 3.7184e-48 0 0
25.02 3.68566e-48 0 0
25.048 3.6475e-48 0 0
25.076 3.60484e-48 0 0
25.104 3.55875e-48 0 0
25.132 3.51041e-48 0 0
25.16 3.46103e-48 0 0
25.188 3.41183e-48 0 0
25.216 3.36404e-48 0 0
25.244 3.31881e-48 0 0
25.272 3.2772e-48 0 0
25.3 3.24015e-48 0 0
25.328 3.20844e-48 0 0
25.356 3.18269e-48 0 0
25.384 3.16331e-48 0 0
25.412 3.15053e-48 0 0
25.44 3.14434e-48 0 0
25.468 3.14456e-48 0 0
25.496 3.1508e-48 0 0
25.524 3.16246e-48 0 0
25.552 3.17882e-48 0 0
25.58 3.19899e-48 0 0
25.608 3.22198e-48 0 0
25.636 3.24671e-48 0 0
25.664 3.27207e-48 0 0
25.692 3.29694e-48 0 0
25.72 3.32019e-48 0 0
25.748 3.34079e-48 0 0
25.776 3.35778e-48 0 0
25.804 3.3703e-48 0 0
25.832 3.37766e-48 0 0
25.86 3.37932e-48 0 0
25.888 3.37492e-48 0 0
25.916 3.36427e-48 0 0
25.944 3.3474e-48 0 0
25.972 3.32449e-48 0 0
26 3.29593e-48 0 0
26.028 3.26225e-48 0 0
26.056 3.22414e-48 0 0
26.084 3.18242e-48 0 0
26.112 3.13799e-48 0 0
26.14 3.09184e-48 0 0
26.168 3.04497e-48 0 0
26.196 2.99841e-48 0 0
26.224 2.95316e-48 0 0
26.252 2.91015e-48 0 0
26.28 2.87024e-48 0 0
26.308 2.83419e-48 0 0
26.336 2.8026e-48 0 0
26.364 2.77595e-48 0 0
26.392 2.75455e-48 0 0
26.42 2.73853e-48 0 0
26.448 2.72787e-48 0 0
26.476 2.72238e-48 0 0
26.504 2.7217e-48 0 0
26.532 2.72532e-48 0 0
26.56 2.73263e-48 0 0
26.588 2.74287e-48 0 0
26.616 2.75524e-48 0 0
26.644 2.76885e-48 0 0
26.672 2.78279e-48 0 0
26.7 2.79617e-48 0 0
26.728 2.80809e-48 0 0
26.756 2.81772e-48 0 0
26.784 2.82432e-48 0 0
26.812 2.82724e-48 0 0
26.84 2.82593e-48 0 0
26.868 2.82002e-48 0 0
26.896 2.80923e-48 0 0
26.924 2.79347e-48 0 0
26.952 2.77277e-48 0 0
26.98 2.74734e-48 0 0
27.008 2.71749e-48 0 0
27.036 2.6837e-48 0 0
27.064 2.64651e-48 0 0
27.092 2.6066e-48 0 0
27.12 2.56468e-48 0 0
27.148 2.52154e-48 0 0
27.176 2.47796e-48 0 0
27.204 2.43474e-48 0 0
27.232 2.39264e-48 0 0
27.26 2.35238e-48 0 0
27.288 2.3146e-48 0 0
27.316 2.27983e-48 0 0
27.344 2.24854e-48 0 0
27.372 2.22104e-48 0 0
27.4 2.19752e-48 0 0
27.428 2.17807e-48 0 0
27.456 2.16262e-48 0 0
27.484 2.15098e-48 0 0
27.512 2.14285e-48 0 0
27.54 2.13781e-48 0 0
27.568 2.13536e-48 0 0
27.596 2.13492e-48 0 0
27.624 2.13586e-48 0 0
27.652 2.13752e-48 0 0
27.68 2.1392e-48 0 0
27.708 2.14025e-48 0 0
27.736 2.14001e-48 0 0
27.764 2.13788e-48 0 0
27.792 2.13335e-48 0 0
27.82 2.12596e-48 0 0
27.848 2.11535e-48 0 0
27.876 2.10128e-48 0 0
27.904 2.0836e-48 0 0
27.932 2.06227e-48 0 0
27.96 2.03737e-48 0 0
27.988 2.00907e-48 0 0
28.016 1.97766e-48 0 0
28.044 1.94348e-48 0 0
28.072 1.90698e-48 0 0
28.1 1.86864e-48 0 0
28.128 1.82898e-48 0 0
28.156 1.78855e-48 0 0
28.184 1.74792e-48 0 0
28.212 1.7076e-48 0 0
28.24 1.66811e-48 0 0
28.268 1.62992e-48 0 0
28.296 1.59341e-48 0 0
28.324 1.55891e-48 0 0
28.352 1.52667e-48 0 0
28.38 1.49685e-48 0 0
28.408 1.46951e-48 0 0
28.436 1.44462e-48 0 0
28.464 1.42209e-48 0 0
28.492 1.4017e-48 0 0
28.52 1.3832e-48 0 0
28.548 1.36624e-48 0 0
28.576 1.35045e-48 0 0
28.604 1.3354e-48 0 0
28.632 1.32064e-48 0 0
28.66 1.30571e-48 0 0
28.688 1.29016e-48 0 0
28.716 1.27356e-48 0 0
28.744 1.25551e-48 0 0
28.772 1.23564e-48 0 0
28.8 1.21365e-48 0 0
28.828 1.18929e-48 0 0
28.856 1.16239e-48 0 0
28.884 1.13282e-48 0 0
28.912 1.10053e-48 0 0
28.94 1.06553e-48 0 0
28.968 1.02789e-48 0 0
28.996 9.87695e-49 0 0
29.024 9.45097e-49 0 0
29.052 9.00247e-49 0 0
29.08 8.53295e-49 0 0
29.108 8.04364e-49 0 0
29.136 7.53528e-49 0 0
29.164 7.00766e-49 0 0
29.192 6.45922e-49 0 0
29.22 5.88624e-49 0 0
29.248 5.28158e-49 0 0
29.276 4.63217e-49 0 0
29.304 3.91326e-49 0 0
29.332 3.07129e-49 0 0
29.36 1.94245e-49 0 0
29.388 -nan 0 0
29.416 -nan 0 0
29.444 -nan 0 0
29.472 -nan 0 0
29.5 -nan 0 0
29.528 -nan 0 0
29.556 -nan 0 0
29.584 -nan 0 0
29.612 -nan 0 0
29.64 -nan 0 0
29.668 -nan 0 0
29.696 -nan 0 0
29.724 -nan 0 0
29.752 -nan 0 0
29.78 -nan 0 0
29.808 -nan 0 0
29.836 -nan 0 0
29.864 -nan 0 0
29.892 -nan 0 0
29.92 -nan 0 0
29.948 -nan 0 0
29.976 -nan 0 0
30.004 -nan 0 0
30.032 -nan 0 0
30.06 -nan 0 0
30.088 -nan 0 0
30.116 -nan 0 0
30.144 -nan 0 0
30.172 -nan 0 0
30.2 -nan 0 0
30.228 -nan 0 0
30.256 -nan 0 0
30.284 -nan 0 0
30.312 -nan 0 0
30.34 -nan 0 0
30.368 -nan 0 0
30.396 -nan 0 0
30.424 -nan 0 0
30.452 -nan 0 0
30.48 -nan 0 0
30.508 -nan 0 0
30.536 -nan 0 0
30.564 -nan 0 0
30.592 -nan 0 0
30.62 -nan 0 0
30.648 -nan 0 0
30.676 -nan 0 0
30.704 -nan 0 0
30.732 -nan 0 0
30.76 -nan 0 0
30.788 -nan 0 0
30.816 -nan 0 0
30.844 -nan 0 0
30.872 -nan 0 0
30.9 -nan 0 0
30.928 -nan 0 0
30.956 -nan 0 0
30.984 -nan 0 0
31.012 -nan 0 0
31.04 -nan 0 0
31.068 -nan 0 0
31.096 -nan 0 0
31.124 -nan 0 0
31.152 -nan 0 0
31.18 -nan 0 0
31.208 -nan 0 0
31.236 -nan 0 0
31.264 -nan 0 0
31.292 -nan 0 0
31.32 -nan 0 0
31.348 -nan 0 0
31.376 -nan 0 0
31.404 -nan 0 0
31.432 -nan 0 0
31.46 -nan 0 0
31.488 -nan 0 0
31.516 -nan 0 0
31.544 -nan 0 0
31.572 -nan 0 0
31.6 -nan 0 0
31.628 -nan 0 0
31.656 -nan 0 0
31.684 -nan 0 0
31.712 -nan 0 0
31.74 -nan 0 0
31.768 -nan 0 0
31.796 -nan 0 0
31.824 -nan 0 0
31.852 -nan 0 0
31.88 -nan 0 0
31.908 -nan 0 0
31.936 -nan 0 0
31.964 -nan 0 0
31.992 -nan 0 0
32.02 -nan 0 0
32.048 -nan 0 0
32.076 -nan 0 0
32.104 -nan 0 0
32.132 -nan 0 0
32.16 -nan 0 0
32.188 -nan 0 0
32.216 -nan 0 0
32.244 -nan 0 0
32.272 -nan 0 0
32.3 -nan 0 0
32.328 -nan 0 0
32.356 -nan 0 0
32.384 -nan 0 0
32.412 -nan 0 0
32.44 -nan 0 0
32.468 -nan 0 0
32.496 -nan 0 0
32.524 -nan 0 0
32.552 -nan 0 0
32.58 -nan 0 0
32.608 -nan 0 0
32.636 -nan 0 0
32.664 -nan 0 0
32.692 -nan 0 0
32.72 -nan 0 0
32.748 -nan 0 0
32.776 -nan 0 0
32.804 -nan 0 0
32.832 -nan 0 0
32.86 -nan 0 0
32.888 -nan 0 0
32.916 -nan 0 0
32.944 -nan 0 0
32.972 -nan 0 0
